0;1;81
0;2;87
0;3;47
0;4;59
0;5;81
0;6;18
0;7;25
0;8;40
0;9;56
0;10;0
0;11;94
0;12;11
0;13;62
0;14;89
0;15;28
0;16;74
0;17;11
0;18;45
0;19;37
0;20;6
0;21;95
0;22;66
0;23;28
0;24;58
0;25;47
0;26;47
0;27;87
0;28;88
0;29;90
0;30;15
0;31;41
0;32;8
0;33;87
0;34;31
0;35;29
0;36;56
0;37;37
0;38;31
0;39;85
0;40;26
0;41;13
0;42;90
0;43;94
0;44;63
0;45;33
0;46;47
0;47;78
0;48;24
0;49;59
0;50;53
0;51;57
0;52;21
0;53;89
0;54;99
0;55;0
0;56;5
0;57;88
0;58;38
0;59;3
0;60;55
0;61;51
0;62;10
0;63;5
0;64;56
0;65;66
0;66;28
0;67;61
0;68;2
0;69;83
0;70;46
0;71;63
0;72;76
0;73;2
0;74;18
0;75;47
0;76;94
0;77;77
0;78;63
0;79;96
0;80;20
0;81;23
0;82;53
0;83;37
0;84;33
0;85;41
0;86;59
0;87;33
0;88;43
0;89;91
0;90;2
0;91;78
0;92;36
0;93;46
0;94;7
0;95;40
0;96;3
0;97;52
0;98;43
0;99;5
0;100;98
1;0;25
1;2;51
1;3;15
1;4;57
1;5;87
1;6;10
1;7;10
1;8;85
1;9;90
1;10;32
1;11;98
1;12;53
1;13;91
1;14;82
1;15;84
1;16;97
1;17;67
1;18;37
1;19;71
1;20;94
1;21;26
1;22;2
1;23;81
1;24;79
1;25;66
1;26;70
1;27;93
1;28;86
1;29;19
1;30;81
1;31;52
1;32;75
1;33;85
1;34;10
1;35;87
1;36;49
1;37;28
1;38;18
1;39;84
1;40;3
1;41;24
1;42;47
1;43;12
1;44;32
1;45;16
1;46;39
1;47;40
1;48;86
1;49;51
1;50;76
1;51;40
1;52;51
1;53;44
1;54;64
1;55;5
1;56;83
1;57;1
1;58;90
1;59;2
1;60;58
1;61;67
1;62;31
1;63;78
1;64;54
1;65;22
1;66;23
1;67;42
1;68;8
1;69;43
1;70;68
1;71;66
1;72;10
1;73;35
1;74;40
1;75;4
1;76;62
1;77;57
1;78;15
1;79;71
1;80;39
1;81;30
1;82;13
1;83;0
1;84;59
1;85;20
1;86;83
1;87;70
1;88;84
1;89;47
1;90;10
1;91;65
1;92;62
1;93;29
1;94;20
1;95;48
1;96;56
1;97;95
1;98;66
1;99;0
1;100;56
2;0;29
2;1;92
2;3;31
2;4;77
2;5;86
2;6;20
2;7;99
2;8;62
2;9;47
2;10;92
2;11;88
2;12;11
2;13;3
2;14;88
2;15;18
2;16;56
2;17;19
2;18;7
2;19;57
2;20;52
2;21;75
2;22;81
2;23;53
2;24;95
2;25;17
2;26;93
2;27;70
2;28;96
2;29;86
2;30;32
2;31;20
2;32;60
2;33;22
2;34;29
2;35;61
2;36;60
2;37;20
2;38;79
2;39;54
2;40;64
2;41;60
2;42;51
2;43;81
2;44;57
2;45;16
2;46;0
2;47;39
2;48;37
2;49;33
2;50;61
2;51;4
2;52;85
2;53;9
2;54;15
2;55;19
2;56;14
2;57;40
2;58;62
2;59;40
2;60;0
2;61;84
2;62;73
2;63;35
2;64;43
2;65;21
2;66;90
2;67;74
2;68;69
2;69;70
2;70;36
2;71;38
2;72;72
2;73;44
2;74;95
2;75;74
2;76;37
2;77;24
2;78;93
2;79;6
2;80;48
2;81;52
2;82;20
2;83;22
2;84;71
2;85;17
2;86;51
2;87;65
2;88;82
2;89;79
2;90;92
2;91;29
2;92;31
2;93;21
2;94;55
2;95;11
2;96;43
2;97;53
2;98;66
2;99;59
2;100;67
3;0;8
3;1;8
3;2;28
3;4;53
3;5;74
3;6;84
3;7;75
3;8;74
3;9;6
3;10;37
3;11;86
3;12;67
3;13;14
3;14;58
3;15;59
3;16;46
3;17;23
3;18;24
3;19;87
3;20;57
3;21;74
3;22;39
3;23;31
3;24;46
3;25;83
3;26;28
3;27;16
3;28;26
3;29;77
3;30;12
3;31;36
3;32;51
3;33;5
3;34;62
3;35;89
3;36;98
3;37;87
3;38;30
3;39;9
3;40;28
3;41;59
3;42;61
3;43;2
3;44;18
3;45;45
3;46;71
3;47;53
3;48;40
3;49;20
3;50;81
3;51;5
3;52;76
3;53;9
3;54;66
3;55;56
3;56;95
3;57;80
3;58;34
3;59;77
3;60;67
3;61;78
3;62;75
3;63;93
3;64;80
3;65;8
3;66;31
3;67;65
3;68;58
3;69;84
3;70;42
3;71;23
3;72;62
3;73;73
3;74;72
3;75;53
3;76;58
3;77;27
3;78;96
3;79;48
3;80;13
3;81;31
3;82;74
3;83;6
3;84;40
3;85;31
3;86;32
3;87;77
3;88;2
3;89;54
3;90;83
3;91;30
3;92;86
3;93;87
3;94;62
3;95;4
3;96;21
3;97;93
3;98;98
3;99;56
3;100;65
4;0;22
4;1;45
4;2;94
4;3;6
4;5;99
4;6;24
4;7;20
4;8;44
4;9;59
4;10;7
4;11;24
4;12;57
4;13;53
4;14;74
4;15;75
4;16;40
4;17;89
4;18;14
4;19;45
4;20;39
4;21;81
4;22;31
4;23;51
4;24;85
4;25;29
4;26;3
4;27;95
4;28;92
4;29;72
4;30;75
4;31;77
4;32;62
4;33;73
4;34;17
4;35;59
4;36;7
4;37;80
4;38;5
4;39;6
4;40;74
4;41;44
4;42;23
4;43;94
4;44;22
4;45;33
4;46;74
4;47;10
4;48;30
4;49;95
4;50;14
4;51;23
4;52;50
4;53;9
4;54;77
4;55;45
4;56;71
4;57;8
4;58;98
4;59;34
4;60;79
4;61;54
4;62;21
4;63;87
4;64;26
4;65;10
4;66;21
4;67;67
4;68;1
4;69;49
4;70;88
4;71;20
4;72;74
4;73;1
4;74;40
4;75;73
4;76;96
4;77;66
4;78;75
4;79;10
4;80;72
4;81;13
4;82;14
4;83;59
4;84;25
4;85;46
4;86;21
4;87;44
4;88;63
4;89;36
4;90;87
4;91;88
4;92;23
4;93;25
4;94;26
4;95;19
4;96;0
4;97;14
4;98;30
4;99;76
4;100;0
5;0;51
5;1;34
5;2;19
5;3;66
5;4;13
5;6;45
5;7;41
5;8;42
5;9;39
5;10;94
5;11;21
5;12;74
5;13;1
5;14;50
5;15;85
5;16;88
5;17;64
5;18;60
5;19;16
5;20;19
5;21;82
5;22;16
5;23;13
5;24;16
5;25;22
5;26;1
5;27;55
5;28;77
5;29;63
5;30;17
5;31;58
5;32;32
5;33;79
5;34;75
5;35;33
5;36;40
5;37;27
5;38;34
5;39;52
5;40;28
5;41;37
5;42;47
5;43;69
5;44;12
5;45;46
5;46;9
5;47;4
5;48;56
5;49;14
5;50;89
5;51;23
5;52;42
5;53;64
5;54;39
5;55;30
5;56;19
5;57;53
5;58;60
5;59;94
5;60;85
5;61;21
5;62;13
5;63;1
5;64;28
5;65;57
5;66;84
5;67;62
5;68;83
5;69;21
5;70;50
5;71;15
5;72;40
5;73;92
5;74;42
5;75;91
5;76;98
5;77;1
5;78;7
5;79;12
5;80;95
5;81;16
5;82;52
5;83;83
5;84;55
5;85;69
5;86;40
5;87;94
5;88;98
5;89;90
5;90;17
5;91;82
5;92;14
5;93;70
5;94;82
5;95;68
5;96;76
5;97;26
5;98;96
5;99;25
5;100;68
6;0;62
6;1;43
6;2;51
6;3;21
6;4;13
6;5;9
6;7;93
6;8;70
6;9;37
6;10;86
6;11;41
6;12;90
6;13;98
6;14;85
6;15;1
6;16;58
6;17;18
6;18;92
6;19;35
6;20;15
6;21;81
6;22;48
6;23;56
6;24;17
6;25;74
6;26;99
6;27;73
6;28;51
6;29;61
6;30;60
6;31;92
6;32;24
6;33;14
6;34;18
6;35;63
6;36;35
6;37;48
6;38;50
6;39;40
6;40;52
6;41;90
6;42;66
6;43;99
6;44;60
6;45;94
6;46;10
6;47;51
6;48;66
6;49;1
6;50;22
6;51;60
6;52;34
6;53;13
6;54;62
6;55;98
6;56;17
6;57;93
6;58;40
6;59;53
6;60;18
6;61;1
6;62;6
6;63;88
6;64;71
6;65;77
6;66;42
6;67;17
6;68;7
6;69;84
6;70;50
6;71;7
6;72;22
6;73;45
6;74;35
6;75;48
6;76;30
6;77;4
6;78;62
6;79;52
6;80;75
6;81;14
6;82;7
6;83;53
6;84;1
6;85;73
6;86;1
6;87;95
6;88;50
6;89;45
6;90;27
6;91;99
6;92;38
6;93;99
6;94;15
6;95;75
6;96;43
6;97;40
6;98;60
6;99;39
6;100;93
7;0;51
7;1;12
7;2;78
7;3;81
7;4;6
7;5;79
7;6;15
7;8;85
7;9;11
7;10;48
7;11;14
7;12;93
7;13;36
7;14;55
7;15;60
7;16;36
7;17;6
7;18;83
7;19;28
7;20;1
7;21;12
7;22;79
7;23;63
7;24;43
7;25;87
7;26;32
7;27;23
7;28;23
7;29;25
7;30;90
7;31;77
7;32;1
7;33;1
7;34;47
7;35;8
7;36;7
7;37;59
7;38;14
7;39;96
7;40;52
7;41;64
7;42;88
7;43;37
7;44;0
7;45;92
7;46;38
7;47;95
7;48;97
7;49;44
7;50;78
7;51;8
7;52;27
7;53;63
7;54;54
7;55;52
7;56;11
7;57;1
7;58;38
7;59;72
7;60;88
7;61;80
7;62;41
7;63;71
7;64;41
7;65;14
7;66;27
7;67;36
7;68;38
7;69;84
7;70;44
7;71;37
7;72;98
7;73;23
7;74;94
7;75;95
7;76;62
7;77;35
7;78;79
7;79;7
7;80;28
7;81;82
7;82;95
7;83;56
7;84;78
7;85;89
7;86;72
7;87;41
7;88;15
7;89;2
7;90;64
7;91;20
7;92;89
7;93;3
7;94;4
7;95;0
7;96;60
7;97;79
7;98;87
7;99;15
7;100;85
8;0;98
8;1;63
8;2;25
8;3;53
8;4;51
8;5;80
8;6;32
8;7;62
8;9;32
8;10;58
8;11;64
8;12;38
8;13;49
8;14;88
8;15;9
8;16;16
8;17;56
8;18;87
8;19;72
8;20;8
8;21;44
8;22;33
8;23;46
8;24;43
8;25;1
8;26;73
8;27;44
8;28;5
8;29;0
8;30;6
8;31;55
8;32;63
8;33;78
8;34;91
8;35;61
8;36;40
8;37;12
8;38;78
8;39;44
8;40;36
8;41;12
8;42;83
8;43;11
8;44;35
8;45;71
8;46;99
8;47;58
8;48;4
8;49;1
8;50;83
8;51;16
8;52;81
8;53;96
8;54;56
8;55;89
8;56;16
8;57;17
8;58;74
8;59;77
8;60;3
8;61;66
8;62;61
8;63;84
8;64;23
8;65;29
8;66;11
8;67;83
8;68;4
8;69;50
8;70;62
8;71;91
8;72;47
8;73;10
8;74;37
8;75;64
8;76;73
8;77;57
8;78;3
8;79;81
8;80;38
8;81;17
8;82;64
8;83;76
8;84;66
8;85;35
8;86;5
8;87;85
8;88;5
8;89;79
8;90;41
8;91;63
8;92;4
8;93;19
8;94;47
8;95;83
8;96;36
8;97;10
8;98;3
8;99;30
8;100;47
9;0;7
9;1;72
9;2;4
9;3;98
9;4;91
9;5;25
9;6;37
9;7;72
9;8;43
9;10;29
9;11;4
9;12;14
9;13;89
9;14;18
9;15;92
9;16;58
9;17;50
9;18;80
9;19;78
9;20;17
9;21;25
9;22;13
9;23;69
9;24;35
9;25;10
9;26;52
9;27;71
9;28;72
9;29;9
9;30;76
9;31;87
9;32;88
9;33;46
9;34;18
9;35;33
9;36;18
9;37;83
9;38;66
9;39;93
9;40;74
9;41;21
9;42;73
9;43;48
9;44;46
9;45;4
9;46;54
9;47;63
9;48;60
9;49;91
9;50;59
9;51;32
9;52;97
9;53;99
9;54;19
9;55;99
9;56;25
9;57;83
9;58;78
9;59;30
9;60;57
9;61;17
9;62;2
9;63;22
9;64;31
9;65;72
9;66;28
9;67;82
9;68;5
9;69;18
9;70;85
9;71;93
9;72;48
9;73;25
9;74;16
9;75;71
9;76;15
9;77;76
9;78;81
9;79;94
9;80;41
9;81;9
9;82;64
9;83;58
9;84;42
9;85;90
9;86;37
9;87;21
9;88;44
9;89;11
9;90;13
9;91;24
9;92;11
9;93;33
9;94;42
9;95;82
9;96;18
9;97;26
9;98;70
9;99;70
9;100;62
10;0;85
10;1;29
10;2;63
10;3;22
10;4;51
10;5;57
10;6;64
10;7;82
10;8;52
10;9;54
10;11;73
10;12;47
10;13;29
10;14;85
10;15;84
10;16;49
10;17;59
10;18;17
10;19;96
10;20;0
10;21;72
10;22;72
10;23;70
10;24;98
10;25;93
10;26;9
10;27;45
10;28;34
10;29;42
10;30;5
10;31;75
10;32;54
10;33;91
10;34;27
10;35;86
10;36;95
10;37;16
10;38;43
10;39;42
10;40;10
10;41;55
10;42;43
10;43;3
10;44;17
10;45;4
10;46;29
10;47;20
10;48;40
10;49;37
10;50;82
10;51;53
10;52;40
10;53;3
10;54;45
10;55;26
10;56;3
10;57;92
10;58;65
10;59;22
10;60;2
10;61;92
10;62;99
10;63;88
10;64;81
10;65;87
10;66;38
10;67;84
10;68;6
10;69;34
10;70;67
10;71;65
10;72;25
10;73;6
10;74;66
10;75;16
10;76;27
10;77;42
10;78;71
10;79;7
10;80;86
10;81;55
10;82;5
10;83;55
10;84;30
10;85;13
10;86;12
10;87;60
10;88;75
10;89;83
10;90;16
10;91;12
10;92;18
10;93;29
10;94;88
10;95;97
10;96;82
10;97;83
10;98;90
10;99;97
10;100;69
11;0;84
11;1;71
11;2;59
11;3;21
11;4;94
11;5;55
11;6;91
11;7;13
11;8;74
11;9;83
11;10;97
11;12;9
11;13;81
11;14;5
11;15;25
11;16;2
11;17;81
11;18;92
11;19;74
11;20;60
11;21;7
11;22;87
11;23;71
11;24;80
11;25;41
11;26;65
11;27;75
11;28;24
11;29;33
11;30;30
11;31;42
11;32;52
11;33;56
11;34;22
11;35;39
11;36;99
11;37;92
11;38;87
11;39;43
11;40;62
11;41;32
11;42;35
11;43;54
11;44;71
11;45;34
11;46;62
11;47;66
11;48;1
11;49;73
11;50;78
11;51;15
11;52;80
11;53;48
11;54;22
11;55;20
11;56;91
11;57;56
11;58;59
11;59;99
11;60;2
11;61;44
11;62;61
11;63;12
11;64;16
11;65;16
11;66;14
11;67;32
11;68;56
11;69;1
11;70;64
11;71;84
11;72;40
11;73;31
11;74;21
11;75;55
11;76;26
11;77;49
11;78;6
11;79;66
11;80;30
11;81;66
11;82;87
11;83;79
11;84;57
11;85;21
11;86;1
11;87;14
11;88;9
11;89;10
11;90;85
11;91;88
11;92;47
11;93;58
11;94;19
11;95;12
11;96;12
11;97;5
11;98;92
11;99;19
11;100;41
12;0;55
12;1;30
12;2;53
12;3;66
12;4;37
12;5;24
12;6;87
12;7;48
12;8;61
12;9;86
12;10;87
12;11;58
12;13;84
12;14;15
12;15;96
12;16;86
12;17;33
12;18;46
12;19;97
12;20;14
12;21;97
12;22;44
12;23;18
12;24;3
12;25;89
12;26;34
12;27;35
12;28;81
12;29;74
12;30;91
12;31;96
12;32;4
12;33;56
12;34;42
12;35;6
12;36;84
12;37;92
12;38;17
12;39;53
12;40;49
12;41;75
12;42;81
12;43;73
12;44;41
12;45;50
12;46;65
12;47;21
12;48;14
12;49;34
12;50;76
12;51;42
12;52;88
12;53;52
12;54;60
12;55;31
12;56;60
12;57;17
12;58;2
12;59;71
12;60;34
12;61;6
12;62;9
12;63;82
12;64;17
12;65;52
12;66;39
12;67;60
12;68;84
12;69;76
12;70;14
12;71;41
12;72;0
12;73;5
12;74;2
12;75;89
12;76;47
12;77;73
12;78;59
12;79;32
12;80;10
12;81;17
12;82;53
12;83;84
12;84;78
12;85;62
12;86;81
12;87;60
12;88;99
12;89;56
12;90;12
12;91;70
12;92;69
12;93;1
12;94;19
12;95;22
12;96;16
12;97;25
12;98;92
12;99;47
12;100;96
13;0;1
13;1;69
13;2;49
13;3;16
13;4;14
13;5;83
13;6;21
13;7;37
13;8;8
13;9;47
13;10;77
13;11;48
13;12;42
13;14;23
13;15;81
13;16;15
13;17;17
13;18;19
13;19;75
13;20;57
13;21;95
13;22;50
13;23;19
13;24;60
13;25;76
13;26;31
13;27;47
13;28;90
13;29;83
13;30;8
13;31;8
13;32;62
13;33;87
13;34;68
13;35;22
13;36;14
13;37;71
13;38;16
13;39;91
13;40;38
13;41;54
13;42;94
13;43;26
13;44;25
13;45;91
13;46;54
13;47;71
13;48;81
13;49;67
13;50;31
13;51;24
13;52;52
13;53;24
13;54;2
13;55;2
13;56;52
13;57;61
13;58;74
13;59;91
13;60;24
13;61;29
13;62;36
13;63;27
13;64;66
13;65;57
13;66;54
13;67;29
13;68;29
13;69;76
13;70;6
13;71;32
13;72;63
13;73;97
13;74;21
13;75;10
13;76;43
13;77;66
13;78;31
13;79;6
13;80;15
13;81;7
13;82;70
13;83;98
13;84;85
13;85;88
13;86;89
13;87;34
13;88;60
13;89;97
13;90;89
13;91;23
13;92;16
13;93;32
13;94;49
13;95;54
13;96;25
13;97;97
13;98;14
13;99;54
13;100;31
14;0;29
14;1;86
14;2;43
14;3;22
14;4;40
14;5;71
14;6;59
14;7;90
14;8;14
14;9;70
14;10;41
14;11;94
14;12;95
14;13;65
14;15;98
14;16;86
14;17;81
14;18;50
14;19;1
14;20;68
14;21;90
14;22;34
14;23;95
14;24;24
14;25;67
14;26;20
14;27;30
14;28;64
14;29;77
14;30;54
14;31;54
14;32;1
14;33;75
14;34;41
14;35;19
14;36;13
14;37;74
14;38;71
14;39;77
14;40;11
14;41;48
14;42;63
14;43;4
14;44;48
14;45;19
14;46;27
14;47;58
14;48;20
14;49;9
14;50;12
14;51;94
14;52;89
14;53;81
14;54;25
14;55;44
14;56;81
14;57;40
14;58;38
14;59;83
14;60;11
14;61;65
14;62;52
14;63;2
14;64;58
14;65;73
14;66;88
14;67;75
14;68;30
14;69;73
14;70;89
14;71;15
14;72;48
14;73;53
14;74;38
14;75;87
14;76;55
14;77;80
14;78;80
14;79;23
14;80;98
14;81;85
14;82;25
14;83;12
14;84;97
14;85;14
14;86;18
14;87;54
14;88;14
14;89;50
14;90;62
14;91;12
14;92;84
14;93;19
14;94;35
14;95;50
14;96;49
14;97;96
14;98;5
14;99;90
14;100;54
15;0;28
15;1;9
15;2;79
15;3;58
15;4;60
15;5;38
15;6;90
15;7;65
15;8;9
15;9;49
15;10;16
15;11;97
15;12;75
15;13;12
15;14;6
15;16;69
15;17;23
15;18;6
15;19;32
15;20;11
15;21;33
15;22;26
15;23;86
15;24;45
15;25;21
15;26;30
15;27;78
15;28;8
15;29;73
15;30;87
15;31;37
15;32;81
15;33;39
15;34;77
15;35;81
15;36;92
15;37;94
15;38;91
15;39;79
15;40;59
15;41;3
15;42;62
15;43;32
15;44;77
15;45;66
15;46;51
15;47;29
15;48;10
15;49;73
15;50;74
15;51;5
15;52;89
15;53;17
15;54;33
15;55;65
15;56;28
15;57;89
15;58;95
15;59;31
15;60;11
15;61;70
15;62;7
15;63;38
15;64;5
15;65;0
15;66;83
15;67;76
15;68;40
15;69;70
15;70;99
15;71;76
15;72;20
15;73;25
15;74;36
15;75;27
15;76;67
15;77;54
15;78;60
15;79;83
15;80;46
15;81;6
15;82;32
15;83;15
15;84;54
15;85;82
15;86;36
15;87;64
15;88;43
15;89;31
15;90;76
15;91;13
15;92;17
15;93;46
15;94;68
15;95;94
15;96;30
15;97;25
15;98;0
15;99;42
15;100;33
16;0;33
16;1;65
16;2;26
16;3;34
16;4;84
16;5;9
16;6;31
16;7;7
16;8;96
16;9;86
16;10;39
16;11;42
16;12;48
16;13;71
16;14;76
16;15;30
16;17;31
16;18;65
16;19;2
16;20;0
16;21;18
16;22;52
16;23;80
16;24;84
16;25;21
16;26;73
16;27;2
16;28;27
16;29;24
16;30;84
16;31;24
16;32;84
16;33;85
16;34;27
16;35;23
16;36;22
16;37;71
16;38;32
16;39;60
16;40;21
16;41;57
16;42;62
16;43;2
16;44;1
16;45;59
16;46;91
16;47;83
16;48;17
16;49;87
16;50;69
16;51;0
16;52;62
16;53;96
16;54;27
16;55;62
16;56;88
16;57;67
16;58;94
16;59;82
16;60;37
16;61;5
16;62;75
16;63;93
16;64;16
16;65;81
16;66;7
16;67;4
16;68;98
16;69;24
16;70;38
16;71;95
16;72;41
16;73;21
16;74;66
16;75;93
16;76;77
16;77;41
16;78;6
16;79;49
16;80;65
16;81;56
16;82;31
16;83;97
16;84;35
16;85;18
16;86;2
16;87;3
16;88;5
16;89;44
16;90;37
16;91;33
16;92;66
16;93;32
16;94;3
16;95;10
16;96;78
16;97;40
16;98;80
16;99;91
16;100;12
17;0;5
17;1;26
17;2;37
17;3;89
17;4;43
17;5;25
17;6;10
17;7;55
17;8;37
17;9;33
17;10;45
17;11;24
17;12;19
17;13;92
17;14;28
17;15;31
17;16;32
17;18;16
17;19;36
17;20;92
17;21;26
17;22;87
17;23;66
17;24;27
17;25;82
17;26;8
17;27;85
17;28;52
17;29;20
17;30;63
17;31;70
17;32;76
17;33;28
17;34;93
17;35;76
17;36;87
17;37;40
17;38;16
17;39;40
17;40;31
17;41;5
17;42;65
17;43;88
17;44;60
17;45;88
17;46;96
17;47;53
17;48;19
17;49;90
17;50;34
17;51;52
17;52;10
17;53;13
17;54;4
17;55;79
17;56;37
17;57;75
17;58;81
17;59;99
17;60;54
17;61;37
17;62;23
17;63;54
17;64;20
17;65;95
17;66;71
17;67;37
17;68;47
17;69;10
17;70;8
17;71;22
17;72;6
17;73;20
17;74;60
17;75;66
17;76;81
17;77;22
17;78;96
17;79;79
17;80;73
17;81;87
17;82;17
17;83;27
17;84;17
17;85;56
17;86;41
17;87;94
17;88;72
17;89;9
17;90;2
17;91;64
17;92;5
17;93;13
17;94;47
17;95;36
17;96;96
17;97;30
17;98;10
17;99;30
17;100;89
18;0;28
18;1;38
18;2;51
18;3;43
18;4;74
18;5;58
18;6;19
18;7;88
18;8;74
18;9;0
18;10;57
18;11;16
18;12;84
18;13;42
18;14;11
18;15;45
18;16;16
18;17;5
18;19;10
18;20;66
18;21;26
18;22;70
18;23;12
18;24;39
18;25;36
18;26;66
18;27;48
18;28;15
18;29;73
18;30;60
18;31;98
18;32;21
18;33;46
18;34;5
18;35;89
18;36;64
18;37;49
18;38;48
18;39;88
18;40;32
18;41;35
18;42;76
18;43;84
18;44;69
18;45;38
18;46;31
18;47;86
18;48;3
18;49;1
18;50;27
18;51;2
18;52;34
18;53;64
18;54;27
18;55;46
18;56;50
18;57;82
18;58;76
18;59;25
18;60;68
18;61;4
18;62;63
18;63;36
18;64;31
18;65;20
18;66;17
18;67;55
18;68;52
18;69;92
18;70;8
18;71;70
18;72;46
18;73;24
18;74;45
18;75;49
18;76;55
18;77;0
18;78;26
18;79;9
18;80;88
18;81;62
18;82;85
18;83;34
18;84;65
18;85;53
18;86;33
18;87;34
18;88;94
18;89;36
18;90;16
18;91;43
18;92;64
18;93;82
18;94;31
18;95;3
18;96;89
18;97;48
18;98;91
18;99;94
18;100;56
19;0;46
19;1;99
19;2;0
19;3;49
19;4;29
19;5;33
19;6;24
19;7;76
19;8;44
19;9;20
19;10;1
19;11;27
19;12;57
19;13;78
19;14;52
19;15;10
19;16;49
19;17;37
19;18;92
19;20;26
19;21;92
19;22;20
19;23;37
19;24;70
19;25;33
19;26;72
19;27;37
19;28;9
19;29;38
19;30;39
19;31;55
19;32;58
19;33;20
19;34;52
19;35;66
19;36;76
19;37;77
19;38;41
19;39;22
19;40;91
19;41;67
19;42;46
19;43;52
19;44;18
19;45;10
19;46;64
19;47;5
19;48;99
19;49;71
19;50;67
19;51;83
19;52;41
19;53;20
19;54;27
19;55;64
19;56;65
19;57;67
19;58;42
19;59;54
19;60;27
19;61;59
19;62;98
19;63;41
19;64;94
19;65;40
19;66;23
19;67;79
19;68;92
19;69;67
19;70;20
19;71;46
19;72;0
19;73;18
19;74;34
19;75;56
19;76;66
19;77;96
19;78;76
19;79;40
19;80;59
19;81;28
19;82;99
19;83;77
19;84;11
19;85;7
19;86;77
19;87;59
19;88;35
19;89;53
19;90;83
19;91;1
19;92;77
19;93;81
19;94;12
19;95;47
19;96;64
19;97;17
19;98;58
19;99;24
19;100;18
20;0;1
20;1;74
20;2;89
20;3;20
20;4;43
20;5;83
20;6;76
20;7;58
20;8;73
20;9;84
20;10;90
20;11;32
20;12;55
20;13;64
20;14;55
20;15;3
20;16;30
20;17;81
20;18;43
20;19;48
20;21;37
20;22;40
20;23;21
20;24;34
20;25;60
20;26;14
20;27;24
20;28;21
20;29;72
20;30;23
20;31;5
20;32;18
20;33;75
20;34;20
20;35;39
20;36;83
20;37;75
20;38;2
20;39;24
20;40;13
20;41;88
20;42;81
20;43;73
20;44;49
20;45;30
20;46;98
20;47;24
20;48;66
20;49;96
20;50;79
20;51;45
20;52;98
20;53;0
20;54;45
20;55;89
20;56;89
20;57;81
20;58;2
20;59;83
20;60;28
20;61;98
20;62;54
20;63;35
20;64;56
20;65;95
20;66;48
20;67;10
20;68;53
20;69;48
20;70;85
20;71;68
20;72;4
20;73;29
20;74;55
20;75;21
20;76;76
20;77;84
20;78;42
20;79;58
20;80;24
20;81;79
20;82;61
20;83;55
20;84;37
20;85;97
20;86;59
20;87;92
20;88;49
20;89;23
20;90;80
20;91;54
20;92;24
20;93;85
20;94;32
20;95;84
20;96;15
20;97;2
20;98;1
20;99;3
20;100;19
21;0;50
21;1;23
21;2;9
21;3;95
21;4;27
21;5;88
21;6;12
21;7;69
21;8;26
21;9;29
21;10;6
21;11;0
21;12;71
21;13;25
21;14;42
21;15;45
21;16;71
21;17;6
21;18;80
21;19;13
21;20;15
21;22;59
21;23;49
21;24;77
21;25;40
21;26;48
21;27;38
21;28;31
21;29;29
21;30;69
21;31;22
21;32;99
21;33;99
21;34;35
21;35;23
21;36;62
21;37;70
21;38;10
21;39;50
21;40;94
21;41;30
21;42;25
21;43;52
21;44;65
21;45;38
21;46;4
21;47;5
21;48;4
21;49;18
21;50;85
21;51;56
21;52;28
21;53;39
21;54;44
21;55;96
21;56;60
21;57;39
21;58;59
21;59;23
21;60;51
21;61;80
21;62;2
21;63;45
21;64;85
21;65;59
21;66;14
21;67;43
21;68;74
21;69;97
21;70;39
21;71;49
21;72;95
21;73;40
21;74;75
21;75;91
21;76;71
21;77;1
21;78;6
21;79;6
21;80;2
21;81;13
21;82;72
21;83;40
21;84;55
21;85;88
21;86;40
21;87;77
21;88;58
21;89;42
21;90;65
21;91;91
21;92;74
21;93;14
21;94;9
21;95;64
21;96;68
21;97;46
21;98;47
21;99;42
21;100;83
22;0;78
22;1;33
22;2;22
22;3;80
22;4;59
22;5;15
22;6;37
22;7;52
22;8;41
22;9;4
22;10;28
22;11;7
22;12;1
22;13;50
22;14;6
22;15;48
22;16;5
22;17;2
22;18;7
22;19;6
22;20;71
22;21;48
22;23;98
22;24;14
22;25;6
22;26;74
22;27;79
22;28;34
22;29;69
22;30;0
22;31;78
22;32;75
22;33;53
22;34;62
22;35;26
22;36;18
22;37;79
22;38;65
22;39;7
22;40;65
22;41;19
22;42;42
22;43;42
22;44;18
22;45;85
22;46;79
22;47;8
22;48;13
22;49;29
22;50;98
22;51;77
22;52;0
22;53;51
22;54;12
22;55;16
22;56;16
22;57;33
22;58;60
22;59;40
22;60;56
22;61;15
22;62;16
22;63;71
22;64;21
22;65;71
22;66;15
22;67;49
22;68;53
22;69;40
22;70;10
22;71;26
22;72;57
22;73;78
22;74;57
22;75;73
22;76;65
22;77;59
22;78;38
22;79;77
22;80;98
22;81;24
22;82;18
22;83;61
22;84;31
22;85;90
22;86;4
22;87;82
22;88;63
22;89;86
22;90;79
22;91;69
22;92;13
22;93;3
22;94;92
22;95;46
22;96;17
22;97;23
22;98;94
22;99;81
22;100;56
23;0;24
23;1;82
23;2;54
23;3;46
23;4;50
23;5;18
23;6;32
23;7;44
23;8;9
23;9;65
23;10;92
23;11;68
23;12;90
23;13;98
23;14;37
23;15;10
23;16;82
23;17;76
23;18;74
23;19;95
23;20;58
23;21;25
23;22;10
23;24;30
23;25;66
23;26;89
23;27;38
23;28;67
23;29;76
23;30;48
23;31;29
23;32;17
23;33;37
23;34;36
23;35;6
23;36;8
23;37;20
23;38;66
23;39;77
23;40;38
23;41;98
23;42;77
23;43;72
23;44;9
23;45;21
23;46;22
23;47;39
23;48;26
23;49;42
23;50;73
23;51;54
23;52;46
23;53;72
23;54;32
23;55;33
23;56;46
23;57;72
23;58;2
23;59;69
23;60;5
23;61;53
23;62;2
23;63;18
23;64;82
23;65;5
23;66;36
23;67;86
23;68;74
23;69;38
23;70;8
23;71;22
23;72;99
23;73;42
23;74;88
23;75;22
23;76;72
23;77;3
23;78;1
23;79;95
23;80;85
23;81;82
23;82;45
23;83;62
23;84;81
23;85;97
23;86;2
23;87;50
23;88;29
23;89;14
23;90;99
23;91;23
23;92;36
23;93;6
23;94;62
23;95;84
23;96;58
23;97;79
23;98;56
23;99;54
23;100;4
24;0;31
24;1;17
24;2;66
24;3;4
24;4;10
24;5;29
24;6;76
24;7;4
24;8;52
24;9;21
24;10;53
24;11;76
24;12;52
24;13;1
24;14;14
24;15;27
24;16;17
24;17;95
24;18;72
24;19;41
24;20;46
24;21;81
24;22;31
24;23;24
24;25;33
24;26;1
24;27;10
24;28;74
24;29;30
24;30;52
24;31;51
24;32;60
24;33;70
24;34;80
24;35;69
24;36;18
24;37;46
24;38;10
24;39;87
24;40;41
24;41;32
24;42;38
24;43;56
24;44;98
24;45;43
24;46;81
24;47;8
24;48;26
24;49;0
24;50;37
24;51;28
24;52;44
24;53;85
24;54;51
24;55;75
24;56;41
24;57;34
24;58;42
24;59;27
24;60;94
24;61;85
24;62;41
24;63;67
24;64;74
24;65;51
24;66;92
24;67;77
24;68;20
24;69;84
24;70;34
24;71;78
24;72;62
24;73;53
24;74;34
24;75;86
24;76;14
24;77;41
24;78;30
24;79;62
24;80;62
24;81;97
24;82;43
24;83;12
24;84;29
24;85;85
24;86;62
24;87;38
24;88;69
24;89;34
24;90;91
24;91;67
24;92;13
24;93;39
24;94;5
24;95;94
24;96;86
24;97;83
24;98;2
24;99;39
24;100;62
25;0;66
25;1;73
25;2;89
25;3;27
25;4;19
25;5;47
25;6;71
25;7;25
25;8;17
25;9;31
25;10;66
25;11;37
25;12;51
25;13;96
25;14;19
25;15;39
25;16;91
25;17;86
25;18;59
25;19;65
25;20;44
25;21;33
25;22;8
25;23;78
25;24;37
25;26;43
25;27;90
25;28;61
25;29;89
25;30;71
25;31;30
25;32;74
25;33;80
25;34;52
25;35;78
25;36;10
25;37;13
25;38;78
25;39;26
25;40;70
25;41;58
25;42;58
25;43;86
25;44;3
25;45;51
25;46;0
25;47;48
25;48;92
25;49;12
25;50;63
25;51;9
25;52;87
25;53;63
25;54;82
25;55;18
25;56;85
25;57;51
25;58;74
25;59;45
25;60;54
25;61;42
25;62;50
25;63;97
25;64;88
25;65;55
25;66;9
25;67;72
25;68;5
25;69;16
25;70;65
25;71;40
25;72;73
25;73;80
25;74;56
25;75;75
25;76;21
25;77;66
25;78;97
25;79;19
25;80;3
25;81;79
25;82;18
25;83;31
25;84;88
25;85;44
25;86;31
25;87;10
25;88;65
25;89;10
25;90;11
25;91;40
25;92;82
25;93;73
25;94;70
25;95;12
25;96;16
25;97;13
25;98;20
25;99;67
25;100;71
26;0;79
26;1;76
26;2;12
26;3;47
26;4;75
26;5;13
26;6;54
26;7;59
26;8;34
26;9;61
26;10;39
26;11;20
26;12;73
26;13;75
26;14;35
26;15;46
26;16;45
26;17;63
26;18;54
26;19;95
26;20;42
26;21;97
26;22;28
26;23;37
26;24;80
26;25;16
26;27;33
26;28;70
26;29;86
26;30;45
26;31;36
26;32;30
26;33;71
26;34;77
26;35;24
26;36;42
26;37;6
26;38;63
26;39;55
26;40;13
26;41;94
26;42;78
26;43;43
26;44;49
26;45;1
26;46;67
26;47;53
26;48;11
26;49;6
26;50;77
26;51;50
26;52;77
26;53;36
26;54;58
26;55;11
26;56;58
26;57;12
26;58;43
26;59;0
26;60;51
26;61;27
26;62;3
26;63;40
26;64;57
26;65;91
26;66;89
26;67;91
26;68;34
26;69;64
26;70;67
26;71;13
26;72;50
26;73;4
26;74;42
26;75;22
26;76;67
26;77;90
26;78;31
26;79;34
26;80;6
26;81;59
26;82;73
26;83;98
26;84;90
26;85;70
26;86;11
26;87;25
26;88;46
26;89;40
26;90;73
26;91;85
26;92;70
26;93;1
26;94;91
26;95;31
26;96;7
26;97;4
26;98;88
26;99;26
26;100;96
27;0;59
27;1;67
27;2;68
27;3;5
27;4;13
27;5;26
27;6;51
27;7;20
27;8;94
27;9;56
27;10;5
27;11;67
27;12;30
27;13;96
27;14;59
27;15;83
27;16;79
27;17;50
27;18;82
27;19;31
27;20;3
27;21;43
27;22;82
27;23;99
27;24;3
27;25;66
27;26;16
27;28;43
27;29;52
27;30;83
27;31;19
27;32;68
27;33;43
27;34;76
27;35;73
27;36;48
27;37;43
27;38;25
27;39;91
27;40;77
27;41;55
27;42;7
27;43;97
27;44;0
27;45;73
27;46;55
27;47;28
27;48;68
27;49;40
27;50;46
27;51;47
27;52;52
27;53;66
27;54;55
27;55;47
27;56;30
27;57;66
27;58;93
27;59;91
27;60;30
27;61;65
27;62;82
27;63;3
27;64;58
27;65;73
27;66;63
27;67;9
27;68;26
27;69;88
27;70;80
27;71;88
27;72;51
27;73;28
27;74;61
27;75;99
27;76;38
27;77;66
27;78;21
27;79;43
27;80;64
27;81;0
27;82;9
27;83;55
27;84;68
27;85;43
27;86;57
27;87;50
27;88;84
27;89;11
27;90;31
27;91;93
27;92;47
27;93;6
27;94;22
27;95;91
27;96;3
27;97;95
27;98;80
27;99;17
27;100;5
28;0;70
28;1;53
28;2;92
28;3;76
28;4;74
28;5;23
28;6;88
28;7;56
28;8;95
28;9;35
28;10;11
28;11;38
28;12;38
28;13;95
28;14;11
28;15;28
28;16;7
28;17;80
28;18;59
28;19;1
28;20;42
28;21;18
28;22;12
28;23;66
28;24;90
28;25;22
28;26;88
28;27;89
28;29;33
28;30;1
28;31;41
28;32;4
28;33;29
28;34;22
28;35;85
28;36;18
28;37;88
28;38;85
28;39;37
28;40;25
28;41;20
28;42;42
28;43;83
28;44;71
28;45;38
28;46;39
28;47;74
28;48;46
28;49;63
28;50;61
28;51;67
28;52;5
28;53;35
28;54;40
28;55;83
28;56;12
28;57;86
28;58;22
28;59;84
28;60;13
28;61;29
28;62;79
28;63;80
28;64;26
28;65;43
28;66;14
28;67;26
28;68;28
28;69;32
28;70;85
28;71;94
28;72;90
28;73;39
28;74;29
28;75;29
28;76;4
28;77;57
28;78;2
28;79;23
28;80;85
28;81;68
28;82;60
28;83;26
28;84;50
28;85;11
28;86;50
28;87;25
28;88;12
28;89;16
28;90;7
28;91;95
28;92;97
28;93;52
28;94;25
28;95;13
28;96;66
28;97;17
28;98;49
28;99;29
28;100;88
29;0;62
29;1;84
29;2;63
29;3;59
29;4;76
29;5;52
29;6;86
29;7;0
29;8;25
29;9;60
29;10;10
29;11;6
29;12;84
29;13;79
29;14;23
29;15;53
29;16;15
29;17;93
29;18;36
29;19;96
29;20;61
29;21;43
29;22;40
29;23;85
29;24;6
29;25;11
29;26;54
29;27;22
29;28;83
29;30;23
29;31;25
29;32;19
29;33;93
29;34;17
29;35;70
29;36;17
29;37;5
29;38;20
29;39;7
29;40;28
29;41;70
29;42;70
29;43;75
29;44;85
29;45;69
29;46;81
29;47;32
29;48;21
29;49;96
29;50;14
29;51;92
29;52;7
29;53;80
29;54;51
29;55;99
29;56;92
29;57;63
29;58;77
29;59;9
29;60;98
29;61;78
29;62;73
29;63;71
29;64;10
29;65;72
29;66;71
29;67;96
29;68;36
29;69;9
29;70;75
29;71;71
29;72;84
29;73;32
29;74;97
29;75;41
29;76;59
29;77;65
29;78;87
29;79;26
29;80;94
29;81;60
29;82;17
29;83;81
29;84;61
29;85;20
29;86;77
29;87;82
29;88;93
29;89;28
29;90;42
29;91;83
29;92;79
29;93;34
29;94;54
29;95;24
29;96;97
29;97;50
29;98;79
29;99;55
29;100;23
30;0;57
30;1;36
30;2;94
30;3;51
30;4;76
30;5;97
30;6;32
30;7;57
30;8;65
30;9;62
30;10;30
30;11;2
30;12;59
30;13;32
30;14;12
30;15;1
30;16;74
30;17;78
30;18;32
30;19;33
30;20;21
30;21;7
30;22;25
30;23;17
30;24;0
30;25;39
30;26;96
30;27;46
30;28;12
30;29;98
30;31;18
30;32;25
30;33;32
30;34;76
30;35;9
30;36;34
30;37;63
30;38;24
30;39;75
30;40;32
30;41;6
30;42;10
30;43;51
30;44;34
30;45;61
30;46;68
30;47;3
30;48;31
30;49;28
30;50;22
30;51;72
30;52;87
30;53;45
30;54;61
30;55;36
30;56;8
30;57;6
30;58;71
30;59;54
30;60;36
30;61;88
30;62;38
30;63;24
30;64;28
30;65;89
30;66;33
30;67;68
30;68;29
30;69;97
30;70;63
30;71;7
30;72;20
30;73;97
30;74;48
30;75;74
30;76;76
30;77;11
30;78;5
30;79;86
30;80;41
30;81;42
30;82;33
30;83;49
30;84;53
30;85;20
30;86;0
30;87;10
30;88;60
30;89;23
30;90;19
30;91;9
30;92;45
30;93;64
30;94;33
30;95;39
30;96;99
30;97;58
30;98;10
30;99;35
30;100;80
31;0;46
31;1;80
31;2;88
31;3;76
31;4;6
31;5;69
31;6;36
31;7;3
31;8;92
31;9;30
31;10;12
31;11;9
31;12;73
31;13;44
31;14;67
31;15;0
31;16;55
31;17;57
31;18;28
31;19;77
31;20;94
31;21;34
31;22;0
31;23;10
31;24;44
31;25;94
31;26;5
31;27;27
31;28;46
31;29;46
31;30;53
31;32;21
31;33;56
31;34;19
31;35;40
31;36;69
31;37;49
31;38;73
31;39;40
31;40;7
31;41;33
31;42;10
31;43;95
31;44;7
31;45;69
31;46;66
31;47;52
31;48;39
31;49;63
31;50;96
31;51;6
31;52;75
31;53;38
31;54;17
31;55;53
31;56;90
31;57;14
31;58;20
31;59;90
31;60;88
31;61;94
31;62;35
31;63;45
31;64;46
31;65;23
31;66;50
31;67;79
31;68;56
31;69;17
31;70;66
31;71;90
31;72;36
31;73;98
31;74;86
31;75;42
31;76;31
31;77;76
31;78;17
31;79;78
31;80;18
31;81;9
31;82;52
31;83;33
31;84;28
31;85;55
31;86;4
31;87;82
31;88;55
31;89;23
31;90;46
31;91;34
31;92;81
31;93;27
31;94;72
31;95;9
31;96;2
31;97;49
31;98;46
31;99;93
31;100;79
32;0;92
32;1;96
32;2;39
32;3;39
32;4;91
32;5;12
32;6;89
32;7;50
32;8;93
32;9;69
32;10;19
32;11;35
32;12;94
32;13;77
32;14;81
32;15;10
32;16;47
32;17;8
32;18;53
32;19;58
32;20;48
32;21;32
32;22;12
32;23;38
32;24;71
32;25;87
32;26;46
32;27;94
32;28;90
32;29;44
32;30;14
32;31;42
32;33;66
32;34;64
32;35;96
32;36;9
32;37;56
32;38;60
32;39;53
32;40;20
32;41;66
32;42;86
32;43;17
32;44;29
32;45;47
32;46;39
32;47;63
32;48;88
32;49;37
32;50;9
32;51;37
32;52;79
32;53;62
32;54;66
32;55;80
32;56;88
32;57;91
32;58;71
32;59;6
32;60;18
32;61;52
32;62;91
32;63;53
32;64;96
32;65;75
32;66;87
32;67;57
32;68;52
32;69;52
32;70;91
32;71;36
32;72;46
32;73;13
32;74;49
32;75;23
32;76;58
32;77;18
32;78;90
32;79;0
32;80;36
32;81;99
32;82;88
32;83;81
32;84;72
32;85;85
32;86;45
32;87;90
32;88;23
32;89;74
32;90;72
32;91;69
32;92;55
32;93;44
32;94;99
32;95;53
32;96;65
32;97;90
32;98;86
32;99;62
32;100;97
33;0;37
33;1;95
33;2;57
33;3;22
33;4;65
33;5;10
33;6;72
33;7;68
33;8;53
33;9;31
33;10;30
33;11;88
33;12;58
33;13;58
33;14;82
33;15;45
33;16;42
33;17;67
33;18;35
33;19;85
33;20;28
33;21;88
33;22;57
33;23;51
33;24;89
33;25;79
33;26;45
33;27;39
33;28;51
33;29;41
33;30;22
33;31;10
33;32;3
33;34;5
33;35;33
33;36;77
33;37;64
33;38;61
33;39;53
33;40;11
33;41;6
33;42;23
33;43;63
33;44;2
33;45;46
33;46;41
33;47;77
33;48;82
33;49;35
33;50;60
33;51;6
33;52;11
33;53;97
33;54;23
33;55;2
33;56;42
33;57;51
33;58;19
33;59;4
33;60;76
33;61;16
33;62;71
33;63;2
33;64;76
33;65;91
33;66;55
33;67;64
33;68;5
33;69;34
33;70;62
33;71;69
33;72;9
33;73;43
33;74;56
33;75;7
33;76;77
33;77;57
33;78;47
33;79;72
33;80;16
33;81;65
33;82;44
33;83;20
33;84;31
33;85;30
33;86;68
33;87;8
33;88;20
33;89;62
33;90;11
33;91;26
33;92;24
33;93;87
33;94;45
33;95;71
33;96;12
33;97;41
33;98;38
33;99;94
33;100;64
34;0;1
34;1;90
34;2;2
34;3;49
34;4;54
34;5;26
34;6;76
34;7;63
34;8;22
34;9;41
34;10;2
34;11;15
34;12;83
34;13;22
34;14;19
34;15;42
34;16;94
34;17;81
34;18;4
34;19;90
34;20;87
34;21;26
34;22;77
34;23;65
34;24;55
34;25;97
34;26;71
34;27;48
34;28;9
34;29;27
34;30;87
34;31;33
34;32;11
34;33;34
34;35;76
34;36;30
34;37;47
34;38;16
34;39;54
34;40;9
34;41;78
34;42;54
34;43;85
34;44;79
34;45;22
34;46;36
34;47;12
34;48;15
34;49;73
34;50;59
34;51;41
34;52;69
34;53;58
34;54;35
34;55;51
34;56;49
34;57;89
34;58;74
34;59;62
34;60;17
34;61;95
34;62;7
34;63;11
34;64;20
34;65;55
34;66;11
34;67;86
34;68;38
34;69;82
34;70;29
34;71;24
34;72;88
34;73;45
34;74;71
34;75;77
34;76;24
34;77;76
34;78;86
34;79;3
34;80;80
34;81;32
34;82;74
34;83;73
34;84;29
34;85;37
34;86;18
34;87;63
34;88;50
34;89;22
34;90;25
34;91;59
34;92;65
34;93;61
34;94;73
34;95;45
34;96;29
34;97;98
34;98;18
34;99;84
34;100;51
35;0;19
35;1;3
35;2;10
35;3;83
35;4;92
35;5;47
35;6;52
35;7;10
35;8;46
35;9;71
35;10;20
35;11;82
35;12;72
35;13;53
35;14;38
35;15;95
35;16;41
35;17;9
35;18;45
35;19;48
35;20;67
35;21;12
35;22;14
35;23;4
35;24;25
35;25;98
35;26;62
35;27;42
35;28;83
35;29;31
35;30;8
35;31;12
35;32;29
35;33;58
35;34;14
35;36;36
35;37;71
35;38;52
35;39;58
35;40;50
35;41;69
35;42;23
35;43;60
35;44;93
35;45;19
35;46;73
35;47;30
35;48;94
35;49;81
35;50;46
35;51;76
35;52;69
35;53;70
35;54;84
35;55;61
35;56;78
35;57;87
35;58;78
35;59;53
35;60;71
35;61;75
35;62;26
35;63;16
35;64;84
35;65;33
35;66;6
35;67;49
35;68;83
35;69;91
35;70;13
35;71;96
35;72;87
35;73;21
35;74;85
35;75;32
35;76;67
35;77;50
35;78;89
35;79;94
35;80;57
35;81;18
35;82;47
35;83;42
35;84;95
35;85;76
35;86;36
35;87;53
35;88;43
35;89;15
35;90;76
35;91;80
35;92;56
35;93;14
35;94;11
35;95;82
35;96;37
35;97;46
35;98;25
35;99;11
35;100;79
36;0;45
36;1;76
36;2;38
36;3;73
36;4;89
36;5;10
36;6;29
36;7;91
36;8;66
36;9;58
36;10;12
36;11;30
36;12;61
36;13;90
36;14;80
36;15;29
36;16;65
36;17;28
36;18;43
36;19;36
36;20;66
36;21;47
36;22;62
36;23;80
36;24;42
36;25;81
36;26;56
36;27;75
36;28;49
36;29;76
36;30;37
36;31;5
36;32;68
36;33;12
36;34;69
36;35;67
36;37;27
36;38;9
36;39;32
36;40;49
36;41;34
36;42;43
36;43;48
36;44;32
36;45;85
36;46;19
36;47;88
36;48;65
36;49;39
36;50;8
36;51;81
36;52;34
36;53;84
36;54;20
36;55;76
36;56;49
36;57;6
36;58;54
36;59;7
36;60;6
36;61;81
36;62;98
36;63;72
36;64;84
36;65;47
36;66;94
36;67;33
36;68;60
36;69;3
36;70;66
36;71;18
36;72;83
36;73;49
36;74;70
36;75;19
36;76;99
36;77;64
36;78;61
36;79;47
36;80;26
36;81;11
36;82;48
36;83;69
36;84;65
36;85;20
36;86;69
36;87;15
36;88;62
36;89;76
36;90;44
36;91;86
36;92;24
36;93;43
36;94;97
36;95;39
36;96;0
36;97;37
36;98;17
36;99;95
36;100;35
37;0;81
37;1;1
37;2;26
37;3;97
37;4;44
37;5;99
37;6;15
37;7;23
37;8;11
37;9;35
37;10;93
37;11;13
37;12;30
37;13;67
37;14;10
37;15;29
37;16;61
37;17;87
37;18;45
37;19;37
37;20;59
37;21;93
37;22;12
37;23;97
37;24;27
37;25;39
37;26;12
37;27;46
37;28;83
37;29;90
37;30;84
37;31;6
37;32;64
37;33;53
37;34;86
37;35;58
37;36;18
37;38;8
37;39;85
37;40;95
37;41;10
37;42;74
37;43;98
37;44;74
37;45;62
37;46;86
37;47;31
37;48;11
37;49;87
37;50;23
37;51;45
37;52;25
37;53;47
37;54;84
37;55;65
37;56;89
37;57;26
37;58;43
37;59;93
37;60;53
37;61;20
37;62;76
37;63;16
37;64;73
37;65;85
37;66;52
37;67;14
37;68;92
37;69;64
37;70;43
37;71;17
37;72;8
37;73;1
37;74;99
37;75;11
37;76;80
37;77;49
37;78;34
37;79;36
37;80;3
37;81;97
37;82;89
37;83;2
37;84;48
37;85;52
37;86;3
37;87;71
37;88;47
37;89;99
37;90;75
37;91;38
37;92;52
37;93;52
37;94;2
37;95;67
37;96;38
37;97;3
37;98;60
37;99;31
37;100;42
38;0;66
38;1;93
38;2;34
38;3;57
38;4;11
38;5;23
38;6;38
38;7;59
38;8;85
38;9;63
38;10;92
38;11;50
38;12;15
38;13;10
38;14;25
38;15;5
38;16;63
38;17;39
38;18;8
38;19;25
38;20;24
38;21;63
38;22;56
38;23;75
38;24;30
38;25;24
38;26;43
38;27;62
38;28;63
38;29;99
38;30;16
38;31;76
38;32;58
38;33;74
38;34;21
38;35;7
38;36;80
38;37;47
38;39;48
38;40;16
38;41;48
38;42;87
38;43;23
38;44;4
38;45;47
38;46;27
38;47;6
38;48;99
38;49;5
38;50;67
38;51;71
38;52;94
38;53;48
38;54;81
38;55;35
38;56;79
38;57;57
38;58;13
38;59;16
38;60;68
38;61;61
38;62;95
38;63;64
38;64;71
38;65;79
38;66;21
38;67;29
38;68;86
38;69;29
38;70;99
38;71;21
38;72;38
38;73;19
38;74;3
38;75;80
38;76;90
38;77;16
38;78;77
38;79;57
38;80;95
38;81;41
38;82;89
38;83;17
38;84;31
38;85;72
38;86;61
38;87;27
38;88;31
38;89;69
38;90;98
38;91;1
38;92;81
38;93;82
38;94;57
38;95;23
38;96;88
38;97;4
38;98;63
38;99;89
38;100;53
39;0;75
39;1;2
39;2;42
39;3;79
39;4;91
39;5;82
39;6;62
39;7;6
39;8;62
39;9;84
39;10;84
39;11;50
39;12;59
39;13;7
39;14;64
39;15;54
39;16;15
39;17;67
39;18;60
39;19;98
39;20;24
39;21;22
39;22;6
39;23;76
39;24;53
39;25;72
39;26;58
39;27;56
39;28;89
39;29;63
39;30;6
39;31;97
39;32;86
39;33;26
39;34;90
39;35;23
39;36;26
39;37;70
39;38;4
39;40;88
39;41;17
39;42;36
39;43;96
39;44;82
39;45;97
39;46;3
39;47;33
39;48;77
39;49;74
39;50;27
39;51;64
39;52;46
39;53;68
39;54;41
39;55;31
39;56;5
39;57;78
39;58;78
39;59;33
39;60;12
39;61;38
39;62;30
39;63;38
39;64;37
39;65;44
39;66;47
39;67;26
39;68;55
39;69;71
39;70;40
39;71;45
39;72;87
39;73;43
39;74;98
39;75;58
39;76;60
39;77;12
39;78;65
39;79;60
39;80;10
39;81;32
39;82;70
39;83;64
39;84;50
39;85;60
39;86;3
39;87;83
39;88;28
39;89;73
39;90;82
39;91;18
39;92;28
39;93;6
39;94;20
39;95;13
39;96;74
39;97;61
39;98;5
39;99;63
39;100;51
40;0;43
40;1;7
40;2;54
40;3;78
40;4;44
40;5;58
40;6;17
40;7;40
40;8;48
40;9;21
40;10;9
40;11;39
40;12;73
40;13;87
40;14;89
40;15;73
40;16;15
40;17;64
40;18;54
40;19;14
40;20;85
40;21;7
40;22;66
40;23;40
40;24;58
40;25;3
40;26;27
40;27;52
40;28;15
40;29;3
40;30;61
40;31;1
40;32;51
40;33;91
40;34;24
40;35;78
40;36;53
40;37;25
40;38;38
40;39;25
40;41;27
40;42;93
40;43;74
40;44;16
40;45;77
40;46;7
40;47;61
40;48;90
40;49;86
40;50;86
40;51;13
40;52;10
40;53;91
40;54;9
40;55;56
40;56;28
40;57;60
40;58;93
40;59;72
40;60;82
40;61;35
40;62;50
40;63;24
40;64;28
40;65;27
40;66;66
40;67;72
40;68;15
40;69;45
40;70;14
40;71;80
40;72;39
40;73;54
40;74;4
40;75;83
40;76;68
40;77;39
40;78;35
40;79;12
40;80;84
40;81;30
40;82;63
40;83;88
40;84;21
40;85;88
40;86;70
40;87;43
40;88;58
40;89;31
40;90;89
40;91;69
40;92;98
40;93;43
40;94;39
40;95;66
40;96;79
40;97;0
40;98;89
40;99;89
40;100;4
41;0;36
41;1;8
41;2;81
41;3;67
41;4;94
41;5;95
41;6;25
41;7;40
41;8;62
41;9;43
41;10;30
41;11;92
41;12;63
41;13;52
41;14;50
41;15;69
41;16;28
41;17;20
41;18;61
41;19;31
41;20;4
41;21;44
41;22;15
41;23;13
41;24;4
41;25;46
41;26;29
41;27;55
41;28;92
41;29;72
41;30;17
41;31;42
41;32;18
41;33;76
41;34;38
41;35;47
41;36;55
41;37;39
41;38;33
41;39;11
41;40;45
41;42;96
41;43;88
41;44;93
41;45;91
41;46;77
41;47;6
41;48;1
41;49;65
41;50;76
41;51;70
41;52;29
41;53;20
41;54;23
41;55;36
41;56;99
41;57;77
41;58;0
41;59;30
41;60;50
41;61;15
41;62;83
41;63;28
41;64;40
41;65;59
41;66;87
41;67;80
41;68;99
41;69;15
41;70;21
41;71;48
41;72;22
41;73;59
41;74;24
41;75;86
41;76;33
41;77;92
41;78;39
41;79;21
41;80;35
41;81;44
41;82;95
41;83;4
41;84;34
41;85;92
41;86;6
41;87;16
41;88;82
41;89;1
41;90;58
41;91;15
41;92;36
41;93;35
41;94;30
41;95;17
41;96;21
41;97;52
41;98;33
41;99;80
41;100;72
42;0;67
42;1;71
42;2;53
42;3;4
42;4;74
42;5;97
42;6;57
42;7;36
42;8;52
42;9;16
42;10;95
42;11;45
42;12;99
42;13;46
42;14;80
42;15;14
42;16;93
42;17;10
42;18;86
42;19;95
42;20;68
42;21;55
42;22;9
42;23;81
42;24;75
42;25;64
42;26;77
42;27;49
42;28;5
42;29;40
42;30;11
42;31;27
42;32;46
42;33;95
42;34;6
42;35;87
42;36;66
42;37;33
42;38;5
42;39;46
42;40;19
42;41;41
42;43;59
42;44;24
42;45;97
42;46;28
42;47;47
42;48;92
42;49;56
42;50;12
42;51;50
42;52;45
42;53;82
42;54;72
42;55;88
42;56;56
42;57;11
42;58;42
42;59;89
42;60;68
42;61;48
42;62;1
42;63;31
42;64;24
42;65;82
42;66;13
42;67;26
42;68;94
42;69;24
42;70;33
42;71;90
42;72;11
42;73;46
42;74;76
42;75;67
42;76;10
42;77;96
42;78;62
42;79;94
42;80;67
42;81;63
42;82;19
42;83;72
42;84;74
42;85;53
42;86;73
42;87;66
42;88;53
42;89;74
42;90;36
42;91;82
42;92;26
42;93;35
42;94;0
42;95;22
42;96;43
42;97;36
42;98;97
42;99;80
42;100;22
43;0;50
43;1;55
43;2;4
43;3;99
43;4;70
43;5;98
43;6;79
43;7;58
43;8;79
43;9;31
43;10;75
43;11;34
43;12;76
43;13;94
43;14;69
43;15;37
43;16;4
43;17;70
43;18;21
43;19;44
43;20;57
43;21;97
43;22;15
43;23;27
43;24;98
43;25;36
43;26;99
43;27;67
43;28;21
43;29;72
43;30;91
43;31;0
43;32;21
43;33;47
43;34;49
43;35;60
43;36;70
43;37;64
43;38;73
43;39;36
43;40;68
43;41;84
43;42;24
43;44;51
43;45;0
43;46;91
43;47;99
43;48;46
43;49;95
43;50;90
43;51;9
43;52;26
43;53;23
43;54;61
43;55;26
43;56;27
43;57;45
43;58;34
43;59;95
43;60;90
43;61;95
43;62;97
43;63;78
43;64;47
43;65;42
43;66;89
43;67;92
43;68;38
43;69;7
43;70;17
43;71;15
43;72;27
43;73;9
43;74;50
43;75;1
43;76;46
43;77;10
43;78;63
43;79;55
43;80;78
43;81;92
43;82;74
43;83;23
43;84;32
43;85;26
43;86;51
43;87;56
43;88;47
43;89;10
43;90;83
43;91;20
43;92;14
43;93;34
43;94;76
43;95;44
43;96;14
43;97;88
43;98;94
43;99;99
43;100;34
44;0;9
44;1;12
44;2;10
44;3;72
44;4;54
44;5;50
44;6;18
44;7;5
44;8;93
44;9;90
44;10;49
44;11;97
44;12;86
44;13;36
44;14;7
44;15;73
44;16;56
44;17;84
44;18;80
44;19;21
44;20;64
44;21;91
44;22;82
44;23;33
44;24;68
44;25;29
44;26;48
44;27;60
44;28;14
44;29;85
44;30;75
44;31;61
44;32;74
44;33;11
44;34;45
44;35;92
44;36;92
44;37;28
44;38;63
44;39;90
44;40;73
44;41;88
44;42;80
44;43;81
44;45;22
44;46;59
44;47;92
44;48;86
44;49;73
44;50;15
44;51;96
44;52;21
44;53;15
44;54;2
44;55;46
44;56;62
44;57;54
44;58;63
44;59;1
44;60;17
44;61;64
44;62;89
44;63;89
44;64;73
44;65;1
44;66;51
44;67;98
44;68;79
44;69;69
44;70;68
44;71;5
44;72;11
44;73;46
44;74;49
44;75;57
44;76;35
44;77;3
44;78;96
44;79;88
44;80;76
44;81;91
44;82;84
44;83;59
44;84;12
44;85;22
44;86;57
44;87;93
44;88;73
44;89;4
44;90;11
44;91;93
44;92;10
44;93;56
44;94;48
44;95;86
44;96;31
44;97;79
44;98;28
44;99;45
44;100;59
45;0;58
45;1;29
45;2;81
45;3;16
45;4;91
45;5;36
45;6;0
45;7;33
45;8;42
45;9;9
45;10;12
45;11;96
45;12;28
45;13;34
45;14;0
45;15;22
45;16;61
45;17;33
45;18;31
45;19;6
45;20;51
45;21;72
45;22;67
45;23;66
45;24;65
45;25;42
45;26;71
45;27;12
45;28;78
45;29;69
45;30;18
45;31;43
45;32;92
45;33;59
45;34;58
45;35;20
45;36;40
45;37;41
45;38;62
45;39;64
45;40;72
45;41;15
45;42;56
45;43;68
45;44;33
45;46;50
45;47;65
45;48;85
45;49;46
45;50;92
45;51;97
45;52;92
45;53;22
45;54;96
45;55;49
45;56;47
45;57;2
45;58;17
45;59;19
45;60;34
45;61;94
45;62;5
45;63;42
45;64;60
45;65;5
45;66;68
45;67;65
45;68;60
45;69;74
45;70;75
45;71;87
45;72;25
45;73;70
45;74;28
45;75;62
45;76;28
45;77;92
45;78;68
45;79;38
45;80;75
45;81;56
45;82;90
45;83;44
45;84;39
45;85;0
45;86;36
45;87;5
45;88;1
45;89;60
45;90;21
45;91;73
45;92;82
45;93;99
45;94;93
45;95;25
45;96;41
45;97;9
45;98;68
45;99;17
45;100;5
46;0;87
46;1;87
46;2;99
46;3;52
46;4;57
46;5;84
46;6;99
46;7;92
46;8;20
46;9;77
46;10;42
46;11;69
46;12;47
46;13;85
46;14;25
46;15;73
46;16;72
46;17;10
46;18;83
46;19;25
46;20;85
46;21;85
46;22;64
46;23;77
46;24;42
46;25;77
46;26;28
46;27;12
46;28;34
46;29;63
46;30;74
46;31;6
46;32;46
46;33;22
46;34;50
46;35;46
46;36;51
46;37;56
46;38;42
46;39;43
46;40;82
46;41;84
46;42;95
46;43;20
46;44;4
46;45;0
46;47;28
46;48;80
46;49;92
46;50;37
46;51;80
46;52;33
46;53;86
46;54;6
46;55;16
46;56;10
46;57;70
46;58;92
46;59;62
46;60;47
46;61;9
46;62;18
46;63;64
46;64;81
46;65;8
46;66;7
46;67;10
46;68;79
46;69;17
46;70;65
46;71;23
46;72;78
46;73;1
46;74;81
46;75;27
46;76;8
46;77;87
46;78;34
46;79;41
46;80;25
46;81;62
46;82;29
46;83;11
46;84;88
46;85;33
46;86;99
46;87;72
46;88;90
46;89;89
46;90;96
46;91;57
46;92;69
46;93;92
46;94;7
46;95;49
46;96;14
46;97;22
46;98;90
46;99;28
46;100;92
47;0;99
47;1;32
47;2;17
47;3;76
47;4;2
47;5;15
47;6;67
47;7;34
47;8;1
47;9;74
47;10;95
47;11;10
47;12;86
47;13;50
47;14;29
47;15;95
47;16;24
47;17;5
47;18;51
47;19;8
47;20;91
47;21;23
47;22;37
47;23;77
47;24;93
47;25;77
47;26;86
47;27;51
47;28;59
47;29;69
47;30;76
47;31;57
47;32;63
47;33;45
47;34;96
47;35;82
47;36;45
47;37;70
47;38;46
47;39;17
47;40;56
47;41;60
47;42;68
47;43;60
47;44;51
47;45;31
47;46;61
47;48;55
47;49;32
47;50;92
47;51;41
47;52;79
47;53;6
47;54;97
47;55;86
47;56;25
47;57;89
47;58;93
47;59;86
47;60;14
47;61;97
47;62;92
47;63;62
47;64;22
47;65;11
47;66;87
47;67;98
47;68;54
47;69;15
47;70;60
47;71;21
47;72;4
47;73;99
47;74;39
47;75;28
47;76;48
47;77;90
47;78;91
47;79;10
47;80;59
47;81;10
47;82;28
47;83;95
47;84;5
47;85;88
47;86;49
47;87;70
47;88;96
47;89;18
47;90;18
47;91;68
47;92;24
47;93;65
47;94;20
47;95;6
47;96;21
47;97;76
47;98;80
47;99;78
47;100;6
48;0;95
48;1;96
48;2;43
48;3;23
48;4;77
48;5;73
48;6;84
48;7;26
48;8;43
48;9;94
48;10;46
48;11;37
48;12;14
48;13;30
48;14;3
48;15;61
48;16;37
48;17;29
48;18;47
48;19;16
48;20;83
48;21;79
48;22;59
48;23;91
48;24;54
48;25;60
48;26;91
48;27;70
48;28;2
48;29;63
48;30;98
48;31;94
48;32;99
48;33;72
48;34;55
48;35;99
48;36;0
48;37;17
48;38;48
48;39;11
48;40;7
48;41;33
48;42;63
48;43;53
48;44;11
48;45;28
48;46;74
48;47;34
48;49;21
48;50;52
48;51;93
48;52;87
48;53;56
48;54;55
48;55;82
48;56;0
48;57;52
48;58;2
48;59;34
48;60;87
48;61;73
48;62;48
48;63;77
48;64;84
48;65;76
48;66;89
48;67;13
48;68;26
48;69;42
48;70;92
48;71;93
48;72;51
48;73;70
48;74;66
48;75;81
48;76;76
48;77;85
48;78;48
48;79;48
48;80;97
48;81;21
48;82;87
48;83;87
48;84;91
48;85;32
48;86;41
48;87;4
48;88;88
48;89;44
48;90;45
48;91;84
48;92;36
48;93;98
48;94;51
48;95;91
48;96;38
48;97;66
48;98;24
48;99;56
48;100;63
49;0;64
49;1;8
49;2;7
49;3;63
49;4;3
49;5;27
49;6;45
49;7;52
49;8;53
49;9;55
49;10;56
49;11;13
49;12;94
49;13;13
49;14;42
49;15;27
49;16;52
49;17;31
49;18;34
49;19;4
49;20;74
49;21;61
49;22;75
49;23;85
49;24;4
49;25;59
49;26;50
49;27;25
49;28;7
49;29;86
49;30;20
49;31;60
49;32;36
49;33;9
49;34;86
49;35;85
49;36;5
49;37;51
49;38;59
49;39;31
49;40;79
49;41;66
49;42;78
49;43;45
49;44;95
49;45;26
49;46;70
49;47;95
49;48;93
49;50;11
49;51;38
49;52;42
49;53;17
49;54;62
49;55;75
49;56;58
49;57;79
49;58;95
49;59;77
49;60;95
49;61;52
49;62;16
49;63;24
49;64;2
49;65;4
49;66;39
49;67;50
49;68;44
49;69;11
49;70;53
49;71;37
49;72;23
49;73;33
49;74;43
49;75;23
49;76;77
49;77;46
49;78;70
49;79;94
49;80;29
49;81;36
49;82;54
49;83;72
49;84;6
49;85;74
49;86;41
49;87;28
49;88;74
49;89;21
49;90;47
49;91;89
49;92;30
49;93;60
49;94;47
49;95;23
49;96;99
49;97;60
49;98;14
49;99;91
49;100;20
50;0;79
50;1;3
50;2;84
50;3;17
50;4;52
50;5;15
50;6;80
50;7;5
50;8;94
50;9;56
50;10;42
50;11;1
50;12;19
50;13;27
50;14;17
50;15;61
50;16;3
50;17;0
50;18;29
50;19;48
50;20;91
50;21;92
50;22;65
50;23;50
50;24;15
50;25;87
50;26;19
50;27;2
50;28;16
50;29;23
50;30;79
50;31;7
50;32;95
50;33;46
50;34;4
50;35;28
50;36;60
50;37;39
50;38;0
50;39;25
50;40;17
50;41;12
50;42;52
50;43;13
50;44;33
50;45;62
50;46;81
50;47;53
50;48;36
50;49;70
50;51;72
50;52;32
50;53;70
50;54;55
50;55;66
50;56;20
50;57;73
50;58;85
50;59;70
50;60;85
50;61;99
50;62;17
50;63;80
50;64;23
50;65;87
50;66;18
50;67;37
50;68;70
50;69;62
50;70;66
50;71;53
50;72;79
50;73;10
50;74;93
50;75;28
50;76;12
50;77;91
50;78;34
50;79;84
50;80;30
50;81;28
50;82;53
50;83;30
50;84;50
50;85;85
50;86;3
50;87;59
50;88;94
50;89;45
50;90;96
50;91;42
50;92;70
50;93;25
50;94;29
50;95;53
50;96;63
50;97;54
50;98;47
50;99;23
50;100;0
51;0;18
51;1;41
51;2;94
51;3;30
51;4;23
51;5;44
51;6;84
51;7;66
51;8;28
51;9;33
51;10;85
51;11;39
51;12;47
51;13;7
51;14;67
51;15;5
51;16;14
51;17;23
51;18;76
51;19;2
51;20;69
51;21;21
51;22;74
51;23;6
51;24;21
51;25;87
51;26;62
51;27;34
51;28;24
51;29;71
51;30;68
51;31;99
51;32;29
51;33;97
51;34;61
51;35;56
51;36;6
51;37;47
51;38;33
51;39;6
51;40;85
51;41;1
51;42;64
51;43;86
51;44;93
51;45;85
51;46;83
51;47;54
51;48;91
51;49;94
51;50;68
51;52;81
51;53;47
51;54;38
51;55;24
51;56;86
51;57;35
51;58;82
51;59;86
51;60;79
51;61;85
51;62;94
51;63;44
51;64;38
51;65;54
51;66;18
51;67;86
51;68;86
51;69;96
51;70;8
51;71;85
51;72;61
51;73;84
51;74;30
51;75;21
51;76;33
51;77;38
51;78;43
51;79;4
51;80;68
51;81;33
51;82;16
51;83;83
51;84;1
51;85;81
51;86;33
51;87;89
51;88;50
51;89;17
51;90;96
51;91;70
51;92;86
51;93;93
51;94;80
51;95;63
51;96;35
51;97;58
51;98;78
51;99;94
51;100;50
52;0;19
52;1;84
52;2;80
52;3;81
52;4;29
52;5;5
52;6;66
52;7;25
52;8;73
52;9;5
52;10;4
52;11;17
52;12;68
52;13;30
52;14;11
52;15;98
52;16;23
52;17;89
52;18;95
52;19;17
52;20;33
52;21;70
52;22;36
52;23;10
52;24;4
52;25;0
52;26;87
52;27;61
52;28;96
52;29;95
52;30;24
52;31;20
52;32;25
52;33;32
52;34;28
52;35;11
52;36;66
52;37;30
52;38;98
52;39;49
52;40;19
52;41;14
52;42;99
52;43;88
52;44;79
52;45;76
52;46;39
52;47;5
52;48;61
52;49;42
52;50;91
52;51;51
52;53;29
52;54;16
52;55;34
52;56;65
52;57;44
52;58;6
52;59;75
52;60;67
52;61;80
52;62;37
52;63;10
52;64;60
52;65;23
52;66;22
52;67;46
52;68;85
52;69;18
52;70;25
52;71;95
52;72;51
52;73;79
52;74;90
52;75;35
52;76;54
52;77;83
52;78;27
52;79;94
52;80;33
52;81;39
52;82;74
52;83;17
52;84;29
52;85;87
52;86;61
52;87;52
52;88;79
52;89;42
52;90;66
52;91;89
52;92;14
52;93;99
52;94;16
52;95;83
52;96;55
52;97;46
52;98;73
52;99;9
52;100;63
53;0;62
53;1;18
53;2;37
53;3;54
53;4;49
53;5;75
53;6;90
53;7;3
53;8;13
53;9;30
53;10;16
53;11;3
53;12;93
53;13;85
53;14;99
53;15;5
53;16;39
53;17;28
53;18;24
53;19;67
53;20;3
53;21;18
53;22;66
53;23;48
53;24;89
53;25;21
53;26;63
53;27;57
53;28;96
53;29;62
53;30;14
53;31;63
53;32;62
53;33;37
53;34;68
53;35;92
53;36;93
53;37;16
53;38;75
53;39;1
53;40;68
53;41;58
53;42;0
53;43;51
53;44;50
53;45;57
53;46;62
53;47;36
53;48;73
53;49;60
53;50;47
53;51;35
53;52;14
53;54;89
53;55;60
53;56;14
53;57;94
53;58;26
53;59;82
53;60;18
53;61;92
53;62;83
53;63;21
53;64;83
53;65;15
53;66;64
53;67;43
53;68;50
53;69;7
53;70;16
53;71;70
53;72;35
53;73;39
53;74;69
53;75;47
53;76;61
53;77;91
53;78;44
53;79;1
53;80;83
53;81;5
53;82;8
53;83;82
53;84;75
53;85;30
53;86;10
53;87;18
53;88;29
53;89;85
53;90;9
53;91;29
53;92;64
53;93;4
53;94;91
53;95;70
53;96;45
53;97;25
53;98;90
53;99;63
53;100;79
54;0;7
54;1;30
54;2;44
54;3;96
54;4;80
54;5;59
54;6;4
54;7;8
54;8;5
54;9;49
54;10;70
54;11;62
54;12;79
54;13;69
54;14;79
54;15;60
54;16;81
54;17;39
54;18;22
54;19;98
54;20;36
54;21;46
54;22;7
54;23;5
54;24;11
54;25;47
54;26;55
54;27;60
54;28;66
54;29;94
54;30;73
54;31;40
54;32;40
54;33;29
54;34;64
54;35;98
54;36;1
54;37;4
54;38;12
54;39;85
54;40;10
54;41;3
54;42;8
54;43;38
54;44;30
54;45;32
54;46;41
54;47;80
54;48;66
54;49;1
54;50;97
54;51;15
54;52;96
54;53;7
54;55;2
54;56;5
54;57;53
54;58;74
54;59;20
54;60;97
54;61;5
54;62;0
54;63;48
54;64;74
54;65;89
54;66;27
54;67;19
54;68;89
54;69;83
54;70;36
54;71;14
54;72;22
54;73;39
54;74;33
54;75;10
54;76;23
54;77;26
54;78;75
54;79;57
54;80;37
54;81;44
54;82;6
54;83;81
54;84;42
54;85;17
54;86;68
54;87;28
54;88;33
54;89;38
54;90;63
54;91;80
54;92;80
54;93;11
54;94;90
54;95;58
54;96;33
54;97;7
54;98;88
54;99;89
54;100;38
55;0;13
55;1;87
55;2;34
55;3;90
55;4;96
55;5;81
55;6;96
55;7;45
55;8;72
55;9;25
55;10;93
55;11;54
55;12;76
55;13;65
55;14;19
55;15;53
55;16;96
55;17;88
55;18;89
55;19;34
55;20;18
55;21;55
55;22;69
55;23;43
55;24;82
55;25;16
55;26;73
55;27;61
55;28;27
55;29;71
55;30;44
55;31;31
55;32;27
55;33;82
55;34;15
55;35;69
55;36;99
55;37;95
55;38;35
55;39;34
55;40;46
55;41;56
55;42;63
55;43;0
55;44;3
55;45;91
55;46;74
55;47;66
55;48;21
55;49;13
55;50;73
55;51;89
55;52;59
55;53;61
55;54;70
55;56;62
55;57;93
55;58;26
55;59;55
55;60;69
55;61;41
55;62;70
55;63;24
55;64;20
55;65;9
55;66;28
55;67;11
55;68;88
55;69;23
55;70;23
55;71;27
55;72;65
55;73;55
55;74;65
55;75;15
55;76;1
55;77;8
55;78;87
55;79;51
55;80;24
55;81;47
55;82;36
55;83;7
55;84;14
55;85;73
55;86;88
55;87;67
55;88;87
55;89;60
55;90;64
55;91;87
55;92;50
55;93;61
55;94;84
55;95;44
55;96;39
55;97;96
55;98;79
55;99;4
55;100;75
56;0;56
56;1;20
56;2;62
56;3;75
56;4;78
56;5;6
56;6;58
56;7;0
56;8;47
56;9;30
56;10;34
56;11;80
56;12;17
56;13;48
56;14;16
56;15;95
56;16;59
56;17;92
56;18;10
56;19;82
56;20;64
56;21;90
56;22;74
56;23;3
56;24;88
56;25;43
56;26;89
56;27;4
56;28;6
56;29;12
56;30;77
56;31;98
56;32;5
56;33;64
56;34;38
56;35;90
56;36;6
56;37;95
56;38;71
56;39;91
56;40;96
56;41;11
56;42;96
56;43;82
56;44;75
56;45;40
56;46;95
56;47;65
56;48;74
56;49;96
56;50;9
56;51;34
56;52;98
56;53;87
56;54;13
56;55;19
56;57;98
56;58;55
56;59;43
56;60;89
56;61;84
56;62;52
56;63;82
56;64;54
56;65;1
56;66;74
56;67;77
56;68;22
56;69;62
56;70;58
56;71;65
56;72;3
56;73;98
56;74;44
56;75;53
56;76;6
56;77;62
56;78;85
56;79;91
56;80;66
56;81;2
56;82;86
56;83;62
56;84;14
56;85;97
56;86;64
56;87;51
56;88;7
56;89;65
56;90;63
56;91;42
56;92;60
56;93;1
56;94;95
56;95;41
56;96;5
56;97;2
56;98;5
56;99;17
56;100;81
57;0;90
57;1;71
57;2;10
57;3;27
57;4;39
57;5;64
57;6;81
57;7;35
57;8;39
57;9;96
57;10;87
57;11;88
57;12;82
57;13;95
57;14;70
57;15;88
57;16;72
57;17;16
57;18;71
57;19;41
57;20;40
57;21;85
57;22;59
57;23;12
57;24;39
57;25;72
57;26;62
57;27;71
57;28;78
57;29;80
57;30;81
57;31;93
57;32;36
57;33;20
57;34;87
57;35;24
57;36;97
57;37;10
57;38;26
57;39;1
57;40;86
57;41;97
57;42;45
57;43;73
57;44;70
57;45;24
57;46;91
57;47;48
57;48;76
57;49;43
57;50;62
57;51;50
57;52;22
57;53;27
57;54;12
57;55;25
57;56;89
57;58;86
57;59;50
57;60;28
57;61;23
57;62;62
57;63;2
57;64;16
57;65;62
57;66;49
57;67;69
57;68;96
57;69;27
57;70;52
57;71;78
57;72;43
57;73;57
57;74;52
57;75;73
57;76;82
57;77;99
57;78;82
57;79;94
57;80;80
57;81;75
57;82;93
57;83;58
57;84;84
57;85;97
57;86;80
57;87;85
57;88;52
57;89;21
57;90;79
57;91;89
57;92;23
57;93;19
57;94;59
57;95;5
57;96;38
57;97;92
57;98;4
57;99;2
57;100;66
58;0;41
58;1;42
58;2;59
58;3;2
58;4;61
58;5;73
58;6;85
58;7;86
58;8;54
58;9;79
58;10;77
58;11;17
58;12;40
58;13;13
58;14;82
58;15;88
58;16;58
58;17;59
58;18;8
58;19;94
58;20;97
58;21;33
58;22;11
58;23;48
58;24;78
58;25;55
58;26;78
58;27;55
58;28;32
58;29;30
58;30;88
58;31;59
58;32;22
58;33;81
58;34;84
58;35;21
58;36;16
58;37;33
58;38;0
58;39;89
58;40;21
58;41;3
58;42;86
58;43;45
58;44;96
58;45;53
58;46;14
58;47;34
58;48;67
58;49;7
58;50;27
58;51;83
58;52;52
58;53;87
58;54;41
58;55;20
58;56;57
58;57;16
58;59;39
58;60;96
58;61;4
58;62;46
58;63;81
58;64;83
58;65;57
58;66;89
58;67;51
58;68;24
58;69;77
58;70;59
58;71;39
58;72;27
58;73;98
58;74;3
58;75;58
58;76;33
58;77;52
58;78;25
58;79;57
58;80;90
58;81;90
58;82;82
58;83;84
58;84;17
58;85;7
58;86;63
58;87;82
58;88;55
58;89;21
58;90;76
58;91;74
58;92;98
58;93;95
58;94;68
58;95;70
58;96;16
58;97;69
58;98;29
58;99;57
58;100;88
59;0;20
59;1;89
59;2;19
59;3;76
59;4;23
59;5;67
59;6;79
59;7;1
59;8;60
59;9;95
59;10;50
59;11;73
59;12;67
59;13;39
59;14;67
59;15;10
59;16;12
59;17;43
59;18;95
59;19;88
59;20;3
59;21;25
59;22;2
59;23;0
59;24;15
59;25;23
59;26;7
59;27;17
59;28;89
59;29;16
59;30;4
59;31;33
59;32;63
59;33;48
59;34;62
59;35;79
59;36;17
59;37;16
59;38;90
59;39;91
59;40;59
59;41;83
59;42;50
59;43;11
59;44;20
59;45;74
59;46;98
59;47;21
59;48;65
59;49;63
59;50;88
59;51;93
59;52;76
59;53;65
59;54;75
59;55;87
59;56;74
59;57;97
59;58;51
59;60;65
59;61;48
59;62;26
59;63;77
59;64;88
59;65;87
59;66;35
59;67;13
59;68;85
59;69;41
59;70;75
59;71;88
59;72;33
59;73;45
59;74;33
59;75;21
59;76;17
59;77;95
59;78;61
59;79;52
59;80;21
59;81;5
59;82;39
59;83;10
59;84;30
59;85;84
59;86;83
59;87;31
59;88;27
59;89;49
59;90;6
59;91;43
59;92;54
59;93;3
59;94;59
59;95;15
59;96;96
59;97;73
59;98;21
59;99;89
59;100;66
60;0;63
60;1;48
60;2;25
60;3;59
60;4;83
60;5;52
60;6;0
60;7;46
60;8;55
60;9;42
60;10;6
60;11;58
60;12;61
60;13;42
60;14;5
60;15;3
60;16;23
60;17;92
60;18;87
60;19;71
60;20;17
60;21;7
60;22;3
60;23;95
60;24;42
60;25;97
60;26;77
60;27;49
60;28;23
60;29;97
60;30;44
60;31;14
60;32;75
60;33;79
60;34;23
60;35;20
60;36;63
60;37;35
60;38;89
60;39;62
60;40;77
60;41;44
60;42;3
60;43;79
60;44;0
60;45;21
60;46;89
60;47;36
60;48;86
60;49;59
60;50;72
60;51;25
60;52;13
60;53;68
60;54;26
60;55;77
60;56;38
60;57;94
60;58;48
60;59;34
60;61;11
60;62;24
60;63;36
60;64;95
60;65;50
60;66;40
60;67;8
60;68;11
60;69;90
60;70;92
60;71;79
60;72;92
60;73;46
60;74;13
60;75;83
60;76;95
60;77;39
60;78;28
60;79;95
60;80;76
60;81;19
60;82;65
60;83;54
60;84;55
60;85;92
60;86;97
60;87;2
60;88;79
60;89;94
60;90;91
60;91;53
60;92;78
60;93;63
60;94;26
60;95;18
60;96;50
60;97;64
60;98;11
60;99;35
60;100;42
61;0;45
61;1;91
61;2;64
61;3;48
61;4;99
61;5;12
61;6;20
61;7;97
61;8;60
61;9;2
61;10;24
61;11;97
61;12;22
61;13;17
61;14;49
61;15;58
61;16;71
61;17;41
61;18;8
61;19;90
61;20;52
61;21;39
61;22;13
61;23;75
61;24;71
61;25;42
61;26;74
61;27;11
61;28;75
61;29;78
61;30;12
61;31;73
61;32;12
61;33;30
61;34;8
61;35;60
61;36;6
61;37;1
61;38;73
61;39;30
61;40;59
61;41;45
61;42;28
61;43;38
61;44;22
61;45;85
61;46;38
61;47;4
61;48;89
61;49;15
61;50;77
61;51;12
61;52;81
61;53;16
61;54;1
61;55;58
61;56;83
61;57;33
61;58;53
61;59;41
61;60;16
61;62;43
61;63;39
61;64;68
61;65;76
61;66;50
61;67;90
61;68;63
61;69;87
61;70;46
61;71;50
61;72;18
61;73;68
61;74;84
61;75;77
61;76;43
61;77;51
61;78;51
61;79;32
61;80;35
61;81;66
61;82;75
61;83;49
61;84;58
61;85;12
61;86;70
61;87;15
61;88;67
61;89;98
61;90;20
61;91;10
61;92;21
61;93;28
61;94;70
61;95;13
61;96;14
61;97;65
61;98;54
61;99;73
61;100;21
62;0;53
62;1;33
62;2;56
62;3;53
62;4;64
62;5;67
62;6;23
62;7;19
62;8;99
62;9;31
62;10;44
62;11;20
62;12;49
62;13;70
62;14;83
62;15;97
62;16;93
62;17;54
62;18;6
62;19;67
62;20;22
62;21;82
62;22;10
62;23;48
62;24;86
62;25;86
62;26;99
62;27;91
62;28;78
62;29;48
62;30;0
62;31;92
62;32;60
62;33;38
62;34;30
62;35;36
62;36;0
62;37;16
62;38;86
62;39;71
62;40;1
62;41;80
62;42;17
62;43;95
62;44;81
62;45;69
62;46;77
62;47;70
62;48;29
62;49;92
62;50;44
62;51;79
62;52;13
62;53;52
62;54;5
62;55;37
62;56;26
62;57;93
62;58;70
62;59;81
62;60;67
62;61;63
62;63;77
62;64;42
62;65;62
62;66;46
62;67;0
62;68;0
62;69;49
62;70;56
62;71;27
62;72;91
62;73;93
62;74;92
62;75;70
62;76;40
62;77;17
62;78;1
62;79;55
62;80;98
62;81;90
62;82;8
62;83;48
62;84;69
62;85;96
62;86;4
62;87;61
62;88;60
62;89;41
62;90;86
62;91;6
62;92;37
62;93;88
62;94;21
62;95;67
62;96;69
62;97;10
62;98;36
62;99;57
62;100;30
63;0;96
63;1;64
63;2;54
63;3;98
63;4;19
63;5;93
63;6;13
63;7;13
63;8;92
63;9;73
63;10;15
63;11;29
63;12;79
63;13;59
63;14;31
63;15;43
63;16;28
63;17;40
63;18;62
63;19;71
63;20;84
63;21;8
63;22;0
63;23;96
63;24;94
63;25;36
63;26;62
63;27;66
63;28;62
63;29;97
63;30;58
63;31;87
63;32;7
63;33;74
63;34;96
63;35;15
63;36;75
63;37;84
63;38;33
63;39;45
63;40;31
63;41;29
63;42;17
63;43;77
63;44;54
63;45;73
63;46;14
63;47;70
63;48;44
63;49;37
63;50;2
63;51;65
63;52;1
63;53;63
63;54;13
63;55;82
63;56;98
63;57;6
63;58;0
63;59;77
63;60;6
63;61;59
63;62;68
63;64;42
63;65;16
63;66;14
63;67;54
63;68;42
63;69;64
63;70;66
63;71;27
63;72;50
63;73;91
63;74;15
63;75;40
63;76;44
63;77;0
63;78;77
63;79;8
63;80;29
63;81;1
63;82;86
63;83;84
63;84;76
63;85;31
63;86;69
63;87;98
63;88;24
63;89;4
63;90;81
63;91;26
63;92;57
63;93;23
63;94;89
63;95;43
63;96;35
63;97;55
63;98;13
63;99;17
63;100;93
64;0;23
64;1;81
64;2;16
64;3;4
64;4;78
64;5;67
64;6;97
64;7;2
64;8;2
64;9;65
64;10;56
64;11;35
64;12;3
64;13;44
64;14;32
64;15;83
64;16;70
64;17;51
64;18;3
64;19;30
64;20;70
64;21;72
64;22;55
64;23;35
64;24;71
64;25;42
64;26;11
64;27;98
64;28;43
64;29;95
64;30;34
64;31;84
64;32;49
64;33;47
64;34;99
64;35;71
64;36;99
64;37;65
64;38;10
64;39;13
64;40;97
64;41;71
64;42;19
64;43;18
64;44;52
64;45;69
64;46;73
64;47;98
64;48;47
64;49;38
64;50;97
64;51;28
64;52;40
64;53;81
64;54;62
64;55;16
64;56;18
64;57;40
64;58;53
64;59;68
64;60;7
64;61;91
64;62;40
64;63;68
64;65;38
64;66;19
64;67;18
64;68;70
64;69;61
64;70;46
64;71;89
64;72;83
64;73;10
64;74;5
64;75;10
64;76;33
64;77;12
64;78;4
64;79;46
64;80;74
64;81;22
64;82;9
64;83;64
64;84;96
64;85;46
64;86;7
64;87;60
64;88;26
64;89;32
64;90;77
64;91;24
64;92;14
64;93;30
64;94;4
64;95;89
64;96;32
64;97;25
64;98;13
64;99;36
64;100;94
65;0;59
65;1;0
65;2;17
65;3;21
65;4;21
65;5;70
65;6;78
65;7;50
65;8;26
65;9;20
65;10;44
65;11;62
65;12;90
65;13;81
65;14;33
65;15;78
65;16;43
65;17;31
65;18;42
65;19;96
65;20;9
65;21;97
65;22;54
65;23;57
65;24;75
65;25;8
65;26;93
65;27;60
65;28;63
65;29;28
65;30;94
65;31;38
65;32;4
65;33;26
65;34;32
65;35;67
65;36;58
65;37;66
65;38;32
65;39;15
65;40;0
65;41;11
65;42;35
65;43;96
65;44;60
65;45;84
65;46;36
65;47;82
65;48;75
65;49;20
65;50;12
65;51;75
65;52;24
65;53;41
65;54;82
65;55;66
65;56;85
65;57;85
65;58;98
65;59;37
65;60;77
65;61;16
65;62;26
65;63;33
65;64;34
65;66;40
65;67;39
65;68;15
65;69;47
65;70;88
65;71;25
65;72;96
65;73;66
65;74;62
65;75;2
65;76;96
65;77;74
65;78;8
65;79;79
65;80;58
65;81;99
65;82;13
65;83;91
65;84;10
65;85;90
65;86;31
65;87;32
65;88;36
65;89;83
65;90;90
65;91;70
65;92;46
65;93;55
65;94;15
65;95;36
65;96;49
65;97;2
65;98;90
65;99;91
65;100;66
66;0;78
66;1;77
66;2;46
66;3;32
66;4;60
66;5;96
66;6;40
66;7;11
66;8;15
66;9;53
66;10;43
66;11;69
66;12;97
66;13;84
66;14;75
66;15;72
66;16;71
66;17;61
66;18;84
66;19;28
66;20;65
66;21;2
66;22;40
66;23;25
66;24;10
66;25;89
66;26;35
66;27;83
66;28;90
66;29;2
66;30;2
66;31;95
66;32;26
66;33;84
66;34;60
66;35;92
66;36;91
66;37;61
66;38;80
66;39;30
66;40;73
66;41;40
66;42;39
66;43;90
66;44;37
66;45;33
66;46;30
66;47;17
66;48;40
66;49;4
66;50;9
66;51;61
66;52;3
66;53;91
66;54;22
66;55;23
66;56;87
66;57;4
66;58;95
66;59;63
66;60;45
66;61;31
66;62;58
66;63;64
66;64;4
66;65;71
66;67;23
66;68;55
66;69;59
66;70;43
66;71;60
66;72;68
66;73;85
66;74;32
66;75;45
66;76;58
66;77;49
66;78;10
66;79;11
66;80;43
66;81;68
66;82;86
66;83;60
66;84;48
66;85;63
66;86;99
66;87;21
66;88;4
66;89;0
66;90;25
66;91;7
66;92;96
66;93;80
66;94;24
66;95;52
66;96;2
66;97;79
66;98;25
66;99;72
66;100;27
67;0;24
67;1;61
67;2;97
67;3;98
67;4;95
67;5;85
67;6;41
67;7;96
67;8;15
67;9;15
67;10;13
67;11;9
67;12;78
67;13;69
67;14;21
67;15;79
67;16;20
67;17;29
67;18;67
67;19;47
67;20;68
67;21;48
67;22;97
67;23;20
67;24;22
67;25;1
67;26;23
67;27;14
67;28;55
67;29;31
67;30;15
67;31;77
67;32;62
67;33;81
67;34;3
67;35;68
67;36;98
67;37;50
67;38;45
67;39;31
67;40;0
67;41;21
67;42;6
67;43;96
67;44;84
67;45;36
67;46;36
67;47;70
67;48;30
67;49;41
67;50;95
67;51;69
67;52;60
67;53;13
67;54;14
67;55;54
67;56;64
67;57;23
67;58;20
67;59;94
67;60;43
67;61;33
67;62;88
67;63;8
67;64;99
67;65;36
67;66;98
67;68;6
67;69;76
67;70;16
67;71;81
67;72;12
67;73;45
67;74;50
67;75;64
67;76;5
67;77;67
67;78;24
67;79;89
67;80;47
67;81;35
67;82;56
67;83;15
67;84;95
67;85;13
67;86;23
67;87;68
67;88;52
67;89;6
67;90;92
67;91;41
67;92;54
67;93;67
67;94;25
67;95;65
67;96;53
67;97;29
67;98;86
67;99;81
67;100;21
68;0;30
68;1;76
68;2;43
68;3;11
68;4;92
68;5;30
68;6;48
68;7;86
68;8;52
68;9;14
68;10;72
68;11;96
68;12;34
68;13;76
68;14;82
68;15;86
68;16;28
68;17;4
68;18;5
68;19;86
68;20;53
68;21;58
68;22;17
68;23;5
68;24;30
68;25;31
68;26;8
68;27;4
68;28;0
68;29;96
68;30;34
68;31;36
68;32;23
68;33;76
68;34;59
68;35;4
68;36;82
68;37;86
68;38;32
68;39;0
68;40;6
68;41;78
68;42;76
68;43;26
68;44;12
68;45;5
68;46;86
68;47;4
68;48;28
68;49;43
68;50;55
68;51;60
68;52;28
68;53;28
68;54;36
68;55;73
68;56;55
68;57;87
68;58;62
68;59;46
68;60;41
68;61;40
68;62;27
68;63;97
68;64;91
68;65;78
68;66;97
68;67;3
68;69;13
68;70;80
68;71;32
68;72;54
68;73;64
68;74;78
68;75;29
68;76;95
68;77;89
68;78;88
68;79;40
68;80;85
68;81;56
68;82;38
68;83;45
68;84;13
68;85;71
68;86;5
68;87;82
68;88;66
68;89;32
68;90;72
68;91;83
68;92;33
68;93;32
68;94;26
68;95;62
68;96;82
68;97;64
68;98;69
68;99;26
68;100;24
69;0;57
69;1;57
69;2;24
69;3;12
69;4;32
69;5;36
69;6;15
69;7;57
69;8;9
69;9;46
69;10;11
69;11;0
69;12;76
69;13;86
69;14;5
69;15;31
69;16;15
69;17;53
69;18;62
69;19;9
69;20;29
69;21;71
69;22;99
69;23;90
69;24;1
69;25;65
69;26;63
69;27;7
69;28;32
69;29;40
69;30;0
69;31;41
69;32;0
69;33;7
69;34;98
69;35;21
69;36;13
69;37;63
69;38;11
69;39;30
69;40;29
69;41;7
69;42;11
69;43;36
69;44;52
69;45;71
69;46;29
69;47;29
69;48;87
69;49;66
69;50;87
69;51;66
69;52;69
69;53;83
69;54;9
69;55;5
69;56;85
69;57;18
69;58;17
69;59;75
69;60;68
69;61;66
69;62;59
69;63;5
69;64;2
69;65;33
69;66;53
69;67;10
69;68;62
69;70;48
69;71;20
69;72;89
69;73;94
69;74;31
69;75;55
69;76;14
69;77;17
69;78;74
69;79;35
69;80;32
69;81;64
69;82;7
69;83;11
69;84;66
69;85;87
69;86;38
69;87;98
69;88;22
69;89;66
69;90;57
69;91;57
69;92;98
69;93;16
69;94;66
69;95;24
69;96;1
69;97;2
69;98;1
69;99;58
69;100;46
70;0;4
70;1;51
70;2;66
70;3;23
70;4;42
70;5;80
70;6;26
70;7;26
70;8;2
70;9;66
70;10;7
70;11;23
70;12;99
70;13;50
70;14;76
70;15;61
70;16;62
70;17;93
70;18;71
70;19;91
70;20;66
70;21;63
70;22;76
70;23;65
70;24;73
70;25;63
70;26;96
70;27;36
70;28;79
70;29;20
70;30;11
70;31;44
70;32;89
70;33;7
70;34;32
70;35;31
70;36;55
70;37;33
70;38;20
70;39;47
70;40;5
70;41;27
70;42;88
70;43;32
70;44;29
70;45;8
70;46;15
70;47;61
70;48;28
70;49;87
70;50;43
70;51;93
70;52;17
70;53;60
70;54;7
70;55;14
70;56;34
70;57;63
70;58;4
70;59;61
70;60;85
70;61;68
70;62;61
70;63;60
70;64;46
70;65;20
70;66;45
70;67;24
70;68;44
70;69;22
70;71;6
70;72;19
70;73;93
70;74;49
70;75;99
70;76;56
70;77;58
70;78;34
70;79;13
70;80;11
70;81;92
70;82;63
70;83;0
70;84;84
70;85;52
70;86;81
70;87;50
70;88;5
70;89;96
70;90;44
70;91;53
70;92;3
70;93;46
70;94;13
70;95;37
70;96;2
70;97;35
70;98;7
70;99;97
70;100;39
71;0;61
71;1;42
71;2;80
71;3;11
71;4;49
71;5;12
71;6;71
71;7;19
71;8;57
71;9;99
71;10;8
71;11;6
71;12;70
71;13;36
71;14;29
71;15;3
71;16;98
71;17;9
71;18;67
71;19;76
71;20;37
71;21;61
71;22;22
71;23;98
71;24;43
71;25;22
71;26;25
71;27;97
71;28;70
71;29;10
71;30;44
71;31;90
71;32;7
71;33;34
71;34;52
71;35;90
71;36;78
71;37;38
71;38;16
71;39;54
71;40;30
71;41;45
71;42;99
71;43;42
71;44;72
71;45;96
71;46;45
71;47;30
71;48;58
71;49;76
71;50;85
71;51;52
71;52;70
71;53;44
71;54;21
71;55;20
71;56;33
71;57;35
71;58;81
71;59;6
71;60;59
71;61;15
71;62;91
71;63;68
71;64;18
71;65;82
71;66;64
71;67;40
71;68;51
71;69;90
71;70;3
71;72;12
71;73;16
71;74;96
71;75;25
71;76;71
71;77;53
71;78;9
71;79;32
71;80;33
71;81;72
71;82;11
71;83;94
71;84;85
71;85;9
71;86;7
71;87;45
71;88;4
71;89;97
71;90;6
71;91;15
71;92;5
71;93;92
71;94;13
71;95;60
71;96;34
71;97;80
71;98;23
71;99;11
71;100;70
72;0;74
72;1;68
72;2;89
72;3;55
72;4;31
72;5;43
72;6;25
72;7;28
72;8;51
72;9;59
72;10;95
72;11;72
72;12;79
72;13;22
72;14;71
72;15;26
72;16;41
72;17;96
72;18;41
72;19;79
72;20;13
72;21;63
72;22;90
72;23;11
72;24;27
72;25;5
72;26;63
72;27;74
72;28;7
72;29;26
72;30;44
72;31;80
72;32;65
72;33;3
72;34;2
72;35;50
72;36;60
72;37;57
72;38;28
72;39;80
72;40;47
72;41;22
72;42;93
72;43;64
72;44;2
72;45;74
72;46;61
72;47;29
72;48;54
72;49;57
72;50;16
72;51;73
72;52;18
72;53;94
72;54;25
72;55;51
72;56;22
72;57;49
72;58;51
72;59;1
72;60;65
72;61;41
72;62;81
72;63;97
72;64;54
72;65;63
72;66;82
72;67;69
72;68;84
72;69;61
72;70;65
72;71;63
72;73;70
72;74;80
72;75;6
72;76;78
72;77;19
72;78;3
72;79;49
72;80;12
72;81;11
72;82;47
72;83;24
72;84;56
72;85;34
72;86;11
72;87;45
72;88;44
72;89;0
72;90;75
72;91;41
72;92;87
72;93;43
72;94;40
72;95;67
72;96;77
72;97;42
72;98;80
72;99;11
72;100;76
73;0;61
73;1;83
73;2;23
73;3;91
73;4;69
73;5;62
73;6;34
73;7;8
73;8;44
73;9;52
73;10;84
73;11;67
73;12;85
73;13;47
73;14;24
73;15;55
73;16;0
73;17;95
73;18;17
73;19;45
73;20;30
73;21;1
73;22;19
73;23;16
73;24;74
73;25;36
73;26;8
73;27;75
73;28;63
73;29;83
73;30;83
73;31;26
73;32;62
73;33;8
73;34;35
73;35;69
73;36;44
73;37;14
73;38;50
73;39;8
73;40;5
73;41;99
73;42;90
73;43;56
73;44;22
73;45;39
73;46;32
73;47;0
73;48;29
73;49;16
73;50;31
73;51;50
73;52;47
73;53;80
73;54;85
73;55;31
73;56;78
73;57;47
73;58;3
73;59;63
73;60;70
73;61;63
73;62;99
73;63;17
73;64;27
73;65;66
73;66;60
73;67;80
73;68;36
73;69;23
73;70;15
73;71;97
73;72;75
73;74;11
73;75;0
73;76;9
73;77;27
73;78;83
73;79;25
73;80;69
73;81;22
73;82;21
73;83;57
73;84;28
73;85;30
73;86;59
73;87;36
73;88;16
73;89;11
73;90;14
73;91;5
73;92;33
73;93;99
73;94;57
73;95;66
73;96;80
73;97;43
73;98;85
73;99;77
73;100;92
74;0;75
74;1;88
74;2;15
74;3;25
74;4;77
74;5;41
74;6;8
74;7;82
74;8;19
74;9;73
74;10;49
74;11;61
74;12;84
74;13;30
74;14;32
74;15;52
74;16;9
74;17;45
74;18;45
74;19;32
74;20;6
74;21;40
74;22;63
74;23;65
74;24;57
74;25;27
74;26;31
74;27;74
74;28;31
74;29;3
74;30;41
74;31;64
74;32;37
74;33;67
74;34;72
74;35;92
74;36;16
74;37;4
74;38;19
74;39;40
74;40;69
74;41;11
74;42;47
74;43;85
74;44;99
74;45;0
74;46;96
74;47;31
74;48;50
74;49;30
74;50;87
74;51;97
74;52;90
74;53;58
74;54;67
74;55;22
74;56;81
74;57;17
74;58;67
74;59;26
74;60;33
74;61;33
74;62;80
74;63;71
74;64;92
74;65;7
74;66;12
74;67;2
74;68;26
74;69;8
74;70;73
74;71;54
74;72;49
74;73;24
74;75;24
74;76;3
74;77;35
74;78;15
74;79;49
74;80;90
74;81;58
74;82;81
74;83;6
74;84;36
74;85;13
74;86;72
74;87;8
74;88;79
74;89;17
74;90;87
74;91;10
74;92;64
74;93;85
74;94;47
74;95;81
74;96;23
74;97;84
74;98;62
74;99;38
74;100;95
75;0;53
75;1;22
75;2;61
75;3;60
75;4;49
75;5;43
75;6;79
75;7;59
75;8;60
75;9;84
75;10;21
75;11;13
75;12;16
75;13;14
75;14;32
75;15;2
75;16;62
75;17;14
75;18;75
75;19;90
75;20;15
75;21;60
75;22;40
75;23;32
75;24;78
75;25;80
75;26;3
75;27;6
75;28;23
75;29;74
75;30;39
75;31;4
75;32;66
75;33;28
75;34;48
75;35;13
75;36;37
75;37;55
75;38;5
75;39;82
75;40;28
75;41;34
75;42;35
75;43;31
75;44;78
75;45;82
75;46;11
75;47;88
75;48;37
75;49;30
75;50;40
75;51;2
75;52;84
75;53;40
75;54;29
75;55;12
75;56;74
75;57;73
75;58;77
75;59;14
75;60;79
75;61;9
75;62;80
75;63;26
75;64;5
75;65;13
75;66;16
75;67;35
75;68;44
75;69;2
75;70;38
75;71;66
75;72;9
75;73;66
75;74;46
75;76;37
75;77;92
75;78;42
75;79;51
75;80;29
75;81;40
75;82;0
75;83;19
75;84;1
75;85;94
75;86;72
75;87;32
75;88;88
75;89;63
75;90;12
75;91;61
75;92;57
75;93;36
75;94;80
75;95;76
75;96;37
75;97;73
75;98;31
75;99;86
75;100;25
76;0;94
76;1;87
76;2;84
76;3;38
76;4;27
76;5;73
76;6;7
76;7;92
76;8;20
76;9;63
76;10;89
76;11;92
76;12;89
76;13;32
76;14;78
76;15;45
76;16;23
76;17;81
76;18;15
76;19;83
76;20;50
76;21;57
76;22;78
76;23;45
76;24;43
76;25;18
76;26;24
76;27;52
76;28;46
76;29;55
76;30;65
76;31;28
76;32;78
76;33;66
76;34;51
76;35;30
76;36;90
76;37;90
76;38;10
76;39;1
76;40;39
76;41;20
76;42;54
76;43;22
76;44;82
76;45;47
76;46;11
76;47;6
76;48;36
76;49;68
76;50;15
76;51;6
76;52;77
76;53;89
76;54;34
76;55;37
76;56;67
76;57;25
76;58;52
76;59;5
76;60;77
76;61;18
76;62;81
76;63;91
76;64;96
76;65;4
76;66;18
76;67;51
76;68;1
76;69;4
76;70;97
76;71;75
76;72;65
76;73;21
76;74;64
76;75;12
76;77;99
76;78;35
76;79;12
76;80;54
76;81;84
76;82;18
76;83;81
76;84;60
76;85;95
76;86;50
76;87;42
76;88;77
76;89;15
76;90;62
76;91;82
76;92;97
76;93;65
76;94;9
76;95;97
76;96;12
76;97;10
76;98;62
76;99;30
76;100;77
77;0;40
77;1;20
77;2;6
77;3;77
77;4;71
77;5;35
77;6;7
77;7;85
77;8;34
77;9;49
77;10;68
77;11;68
77;12;52
77;13;40
77;14;83
77;15;4
77;16;37
77;17;8
77;18;58
77;19;18
77;20;20
77;21;31
77;22;85
77;23;86
77;24;7
77;25;58
77;26;86
77;27;57
77;28;36
77;29;55
77;30;68
77;31;11
77;32;48
77;33;10
77;34;83
77;35;3
77;36;33
77;37;88
77;38;98
77;39;19
77;40;37
77;41;79
77;42;98
77;43;51
77;44;93
77;45;18
77;46;78
77;47;6
77;48;0
77;49;87
77;50;58
77;51;22
77;52;87
77;53;3
77;54;63
77;55;17
77;56;13
77;57;98
77;58;24
77;59;30
77;60;23
77;61;39
77;62;60
77;63;95
77;64;0
77;65;67
77;66;54
77;67;41
77;68;90
77;69;75
77;70;82
77;71;9
77;72;30
77;73;69
77;74;14
77;75;12
77;76;2
77;78;52
77;79;56
77;80;48
77;81;55
77;82;85
77;83;8
77;84;26
77;85;74
77;86;0
77;87;48
77;88;56
77;89;66
77;90;57
77;91;51
77;92;36
77;93;97
77;94;13
77;95;16
77;96;38
77;97;39
77;98;94
77;99;37
77;100;96
78;0;20
78;1;84
78;2;60
78;3;20
78;4;28
78;5;29
78;6;51
78;7;74
78;8;33
78;9;27
78;10;62
78;11;88
78;12;78
78;13;54
78;14;62
78;15;86
78;16;90
78;17;74
78;18;6
78;19;43
78;20;62
78;21;8
78;22;9
78;23;33
78;24;50
78;25;77
78;26;20
78;27;94
78;28;27
78;29;65
78;30;85
78;31;56
78;32;20
78;33;42
78;34;36
78;35;40
78;36;53
78;37;1
78;38;93
78;39;81
78;40;91
78;41;46
78;42;4
78;43;99
78;44;75
78;45;90
78;46;46
78;47;93
78;48;12
78;49;85
78;50;6
78;51;6
78;52;3
78;53;54
78;54;81
78;55;73
78;56;10
78;57;11
78;58;97
78;59;50
78;60;83
78;61;40
78;62;63
78;63;36
78;64;7
78;65;87
78;66;33
78;67;41
78;68;78
78;69;55
78;70;80
78;71;41
78;72;89
78;73;76
78;74;8
78;75;21
78;76;51
78;77;45
78;79;88
78;80;78
78;81;72
78;82;27
78;83;41
78;84;9
78;85;96
78;86;91
78;87;96
78;88;89
78;89;93
78;90;0
78;91;90
78;92;49
78;93;94
78;94;95
78;95;2
78;96;30
78;97;20
78;98;84
78;99;57
78;100;67
79;0;92
79;1;13
79;2;84
79;3;59
79;4;9
79;5;90
79;6;95
79;7;13
79;8;13
79;9;13
79;10;82
79;11;31
79;12;63
79;13;74
79;14;29
79;15;51
79;16;75
79;17;67
79;18;67
79;19;97
79;20;5
79;21;61
79;22;75
79;23;16
79;24;2
79;25;95
79;26;87
79;27;17
79;28;91
79;29;86
79;30;41
79;31;27
79;32;41
79;33;85
79;34;46
79;35;44
79;36;74
79;37;32
79;38;82
79;39;33
79;40;12
79;41;89
79;42;73
79;43;42
79;44;90
79;45;15
79;46;81
79;47;69
79;48;12
79;49;90
79;50;92
79;51;35
79;52;93
79;53;68
79;54;18
79;55;11
79;56;29
79;57;79
79;58;1
79;59;41
79;60;9
79;61;1
79;62;45
79;63;12
79;64;97
79;65;20
79;66;24
79;67;20
79;68;75
79;69;9
79;70;80
79;71;9
79;72;95
79;73;53
79;74;53
79;75;94
79;76;0
79;77;39
79;78;84
79;80;34
79;81;97
79;82;87
79;83;58
79;84;48
79;85;51
79;86;29
79;87;62
79;88;5
79;89;77
79;90;46
79;91;36
79;92;89
79;93;78
79;94;56
79;95;48
79;96;48
79;97;52
79;98;64
79;99;43
79;100;86
80;0;14
80;1;3
80;2;35
80;3;11
80;4;48
80;5;78
80;6;2
80;7;59
80;8;43
80;9;49
80;10;66
80;11;27
80;12;60
80;13;98
80;14;14
80;15;18
80;16;77
80;17;43
80;18;31
80;19;15
80;20;37
80;21;85
80;22;39
80;23;68
80;24;19
80;25;32
80;26;87
80;27;70
80;28;10
80;29;29
80;30;16
80;31;34
80;32;9
80;33;55
80;34;66
80;35;44
80;36;99
80;37;42
80;38;83
80;39;44
80;40;9
80;41;14
80;42;19
80;43;51
80;44;14
80;45;49
80;46;9
80;47;84
80;48;23
80;49;2
80;50;90
80;51;56
80;52;0
80;53;3
80;54;69
80;55;58
80;56;9
80;57;62
80;58;98
80;59;90
80;60;66
80;61;86
80;62;32
80;63;33
80;64;53
80;65;64
80;66;40
80;67;1
80;68;24
80;69;71
80;70;65
80;71;81
80;72;4
80;73;32
80;74;86
80;75;87
80;76;28
80;77;1
80;78;84
80;79;53
80;81;98
80;82;58
80;83;82
80;84;97
80;85;4
80;86;28
80;87;44
80;88;21
80;89;19
80;90;97
80;91;63
80;92;20
80;93;15
80;94;22
80;95;87
80;96;26
80;97;21
80;98;13
80;99;94
80;100;5
81;0;42
81;1;9
81;2;40
81;3;21
81;4;71
81;5;11
81;6;90
81;7;89
81;8;63
81;9;66
81;10;13
81;11;95
81;12;24
81;13;70
81;14;57
81;15;64
81;16;35
81;17;49
81;18;55
81;19;15
81;20;7
81;21;44
81;22;39
81;23;69
81;24;20
81;25;79
81;26;44
81;27;97
81;28;86
81;29;51
81;30;43
81;31;75
81;32;82
81;33;39
81;34;47
81;35;87
81;36;62
81;37;46
81;38;92
81;39;52
81;40;22
81;41;78
81;42;68
81;43;18
81;44;48
81;45;46
81;46;11
81;47;37
81;48;56
81;49;86
81;50;76
81;51;66
81;52;12
81;53;35
81;54;67
81;55;79
81;56;39
81;57;88
81;58;45
81;59;32
81;60;30
81;61;74
81;62;12
81;63;64
81;64;74
81;65;24
81;66;62
81;67;34
81;68;40
81;69;1
81;70;63
81;71;14
81;72;33
81;73;8
81;74;48
81;75;29
81;76;13
81;77;99
81;78;8
81;79;5
81;80;31
81;82;11
81;83;3
81;84;74
81;85;74
81;86;67
81;87;55
81;88;21
81;89;51
81;90;47
81;91;21
81;92;61
81;93;21
81;94;37
81;95;1
81;96;39
81;97;28
81;98;16
81;99;4
81;100;23
82;0;49
82;1;68
82;2;75
82;3;15
82;4;11
82;5;28
82;6;63
82;7;40
82;8;83
82;9;59
82;10;22
82;11;62
82;12;6
82;13;20
82;14;81
82;15;94
82;16;57
82;17;80
82;18;8
82;19;23
82;20;53
82;21;90
82;22;87
82;23;15
82;24;69
82;25;8
82;26;52
82;27;20
82;28;21
82;29;59
82;30;24
82;31;97
82;32;11
82;33;33
82;34;5
82;35;91
82;36;19
82;37;14
82;38;49
82;39;3
82;40;86
82;41;27
82;42;92
82;43;71
82;44;0
82;45;5
82;46;54
82;47;92
82;48;14
82;49;7
82;50;61
82;51;67
82;52;34
82;53;61
82;54;93
82;55;94
82;56;16
82;57;19
82;58;88
82;59;40
82;60;47
82;61;64
82;62;36
82;63;3
82;64;67
82;65;83
82;66;62
82;67;77
82;68;67
82;69;85
82;70;55
82;71;91
82;72;42
82;73;85
82;74;6
82;75;37
82;76;15
82;77;46
82;78;54
82;79;68
82;80;80
82;81;7
82;83;13
82;84;65
82;85;63
82;86;25
82;87;52
82;88;50
82;89;88
82;90;58
82;91;55
82;92;79
82;93;18
82;94;32
82;95;14
82;96;7
82;97;82
82;98;54
82;99;82
82;100;53
83;0;31
83;1;60
83;2;41
83;3;26
83;4;96
83;5;39
83;6;84
83;7;58
83;8;65
83;9;57
83;10;71
83;11;55
83;12;32
83;13;68
83;14;0
83;15;5
83;16;0
83;17;34
83;18;70
83;19;14
83;20;77
83;21;7
83;22;58
83;23;79
83;24;16
83;25;59
83;26;22
83;27;89
83;28;42
83;29;46
83;30;0
83;31;57
83;32;49
83;33;53
83;34;43
83;35;69
83;36;88
83;37;21
83;38;27
83;39;40
83;40;12
83;41;7
83;42;26
83;43;51
83;44;22
83;45;54
83;46;4
83;47;75
83;48;18
83;49;27
83;50;5
83;51;77
83;52;71
83;53;29
83;54;65
83;55;35
83;56;84
83;57;14
83;58;50
83;59;83
83;60;76
83;61;83
83;62;67
83;63;28
83;64;70
83;65;92
83;66;4
83;67;11
83;68;66
83;69;33
83;70;8
83;71;46
83;72;24
83;73;49
83;74;50
83;75;31
83;76;96
83;77;53
83;78;20
83;79;21
83;80;59
83;81;30
83;82;78
83;84;16
83;85;48
83;86;33
83;87;70
83;88;13
83;89;2
83;90;44
83;91;76
83;92;30
83;93;16
83;94;7
83;95;53
83;96;5
83;97;79
83;98;72
83;99;16
83;100;41
84;0;10
84;1;2
84;2;41
84;3;35
84;4;69
84;5;72
84;6;88
84;7;19
84;8;23
84;9;23
84;10;66
84;11;72
84;12;81
84;13;74
84;14;53
84;15;2
84;16;97
84;17;10
84;18;86
84;19;89
84;20;91
84;21;71
84;22;25
84;23;19
84;24;92
84;25;71
84;26;31
84;27;30
84;28;39
84;29;48
84;30;22
84;31;96
84;32;10
84;33;2
84;34;69
84;35;40
84;36;29
84;37;59
84;38;32
84;39;35
84;40;77
84;41;76
84;42;94
84;43;68
84;44;16
84;45;27
84;46;42
84;47;39
84;48;27
84;49;70
84;50;98
84;51;84
84;52;47
84;53;78
84;54;5
84;55;15
84;56;11
84;57;32
84;58;74
84;59;59
84;60;75
84;61;32
84;62;21
84;63;31
84;64;73
84;65;19
84;66;87
84;67;37
84;68;31
84;69;44
84;70;5
84;71;64
84;72;63
84;73;83
84;74;61
84;75;54
84;76;22
84;77;44
84;78;22
84;79;52
84;80;17
84;81;92
84;82;33
84;83;73
84;85;60
84;86;94
84;87;50
84;88;5
84;89;73
84;90;98
84;91;89
84;92;5
84;93;14
84;94;50
84;95;32
84;96;81
84;97;15
84;98;59
84;99;9
84;100;99
85;0;68
85;1;23
85;2;90
85;3;45
85;4;33
85;5;69
85;6;53
85;7;98
85;8;4
85;9;4
85;10;73
85;11;10
85;12;45
85;13;81
85;14;92
85;15;57
85;16;37
85;17;34
85;18;89
85;19;70
85;20;66
85;21;96
85;22;59
85;23;89
85;24;86
85;25;2
85;26;58
85;27;99
85;28;7
85;29;44
85;30;87
85;31;90
85;32;87
85;33;34
85;34;81
85;35;27
85;36;42
85;37;9
85;38;62
85;39;55
85;40;15
85;41;13
85;42;29
85;43;30
85;44;23
85;45;77
85;46;19
85;47;19
85;48;26
85;49;41
85;50;40
85;51;96
85;52;83
85;53;62
85;54;29
85;55;25
85;56;8
85;57;7
85;58;12
85;59;46
85;60;18
85;61;7
85;62;21
85;63;84
85;64;58
85;65;19
85;66;73
85;67;24
85;68;60
85;69;27
85;70;66
85;71;31
85;72;74
85;73;8
85;74;80
85;75;68
85;76;88
85;77;29
85;78;1
85;79;79
85;80;12
85;81;18
85;82;51
85;83;24
85;84;46
85;86;68
85;87;3
85;88;49
85;89;93
85;90;58
85;91;83
85;92;22
85;93;95
85;94;39
85;95;64
85;96;36
85;97;77
85;98;52
85;99;0
85;100;52
86;0;46
86;1;43
86;2;95
86;3;5
86;4;22
86;5;44
86;6;92
86;7;58
86;8;24
86;9;76
86;10;32
86;11;76
86;12;71
86;13;15
86;14;66
86;15;70
86;16;52
86;17;88
86;18;82
86;19;16
86;20;74
86;21;84
86;22;97
86;23;82
86;24;72
86;25;54
86;26;96
86;27;55
86;28;73
86;29;76
86;30;34
86;31;22
86;32;68
86;33;64
86;34;6
86;35;77
86;36;58
86;37;87
86;38;78
86;39;14
86;40;18
86;41;84
86;42;78
86;43;59
86;44;41
86;45;8
86;46;46
86;47;11
86;48;98
86;49;68
86;50;4
86;51;87
86;52;71
86;53;20
86;54;14
86;55;54
86;56;70
86;57;90
86;58;89
86;59;71
86;60;69
86;61;71
86;62;55
86;63;37
86;64;93
86;65;66
86;66;98
86;67;20
86;68;92
86;69;11
86;70;5
86;71;21
86;72;58
86;73;2
86;74;56
86;75;17
86;76;58
86;77;87
86;78;54
86;79;92
86;80;4
86;81;62
86;82;62
86;83;95
86;84;74
86;85;18
86;87;27
86;88;4
86;89;12
86;90;32
86;91;60
86;92;43
86;93;17
86;94;35
86;95;92
86;96;45
86;97;68
86;98;55
86;99;43
86;100;98
87;0;5
87;1;27
87;2;27
87;3;96
87;4;9
87;5;56
87;6;60
87;7;64
87;8;1
87;9;70
87;10;81
87;11;55
87;12;46
87;13;19
87;14;18
87;15;9
87;16;35
87;17;81
87;18;75
87;19;19
87;20;62
87;21;85
87;22;87
87;23;34
87;24;33
87;25;3
87;26;45
87;27;64
87;28;12
87;29;51
87;30;53
87;31;46
87;32;90
87;33;20
87;34;81
87;35;7
87;36;35
87;37;68
87;38;94
87;39;22
87;40;76
87;41;30
87;42;83
87;43;67
87;44;10
87;45;7
87;46;35
87;47;84
87;48;84
87;49;91
87;50;62
87;51;71
87;52;50
87;53;81
87;54;30
87;55;89
87;56;12
87;57;36
87;58;61
87;59;15
87;60;93
87;61;41
87;62;29
87;63;80
87;64;45
87;65;60
87;66;83
87;67;15
87;68;7
87;69;80
87;70;23
87;71;84
87;72;23
87;73;31
87;74;57
87;75;31
87;76;99
87;77;97
87;78;83
87;79;86
87;80;59
87;81;53
87;82;85
87;83;39
87;84;9
87;85;54
87;86;38
87;88;24
87;89;69
87;90;40
87;91;61
87;92;63
87;93;90
87;94;22
87;95;18
87;96;63
87;97;36
87;98;7
87;99;63
87;100;31
88;0;37
88;1;61
88;2;83
88;3;16
88;4;59
88;5;92
88;6;10
88;7;31
88;8;47
88;9;18
88;10;76
88;11;25
88;12;84
88;13;78
88;14;6
88;15;65
88;16;41
88;17;98
88;18;92
88;19;25
88;20;91
88;21;59
88;22;35
88;23;97
88;24;77
88;25;92
88;26;85
88;27;83
88;28;68
88;29;96
88;30;23
88;31;81
88;32;6
88;33;23
88;34;80
88;35;42
88;36;44
88;37;35
88;38;68
88;39;85
88;40;9
88;41;18
88;42;19
88;43;38
88;44;46
88;45;75
88;46;11
88;47;66
88;48;48
88;49;80
88;50;0
88;51;53
88;52;85
88;53;19
88;54;11
88;55;66
88;56;84
88;57;8
88;58;36
88;59;89
88;60;11
88;61;39
88;62;52
88;63;51
88;64;93
88;65;84
88;66;79
88;67;11
88;68;53
88;69;13
88;70;8
88;71;68
88;72;87
88;73;8
88;74;73
88;75;62
88;76;90
88;77;77
88;78;36
88;79;87
88;80;44
88;81;83
88;82;65
88;83;0
88;84;75
88;85;77
88;86;35
88;87;98
88;89;29
88;90;65
88;91;54
88;92;97
88;93;41
88;94;26
88;95;34
88;96;86
88;97;93
88;98;79
88;99;34
88;100;14
89;0;87
89;1;87
89;2;36
89;3;17
89;4;28
89;5;50
89;6;18
89;7;89
89;8;37
89;9;51
89;10;66
89;11;75
89;12;5
89;13;3
89;14;43
89;15;43
89;16;16
89;17;13
89;18;15
89;19;78
89;20;31
89;21;98
89;22;74
89;23;5
89;24;22
89;25;41
89;26;87
89;27;91
89;28;13
89;29;29
89;30;69
89;31;5
89;32;82
89;33;43
89;34;61
89;35;49
89;36;84
89;37;46
89;38;24
89;39;99
89;40;74
89;41;87
89;42;33
89;43;45
89;44;43
89;45;86
89;46;43
89;47;69
89;48;77
89;49;85
89;50;90
89;51;28
89;52;99
89;53;60
89;54;38
89;55;80
89;56;74
89;57;32
89;58;47
89;59;50
89;60;33
89;61;29
89;62;19
89;63;97
89;64;57
89;65;20
89;66;71
89;67;69
89;68;28
89;69;35
89;70;36
89;71;66
89;72;90
89;73;10
89;74;91
89;75;45
89;76;29
89;77;69
89;78;3
89;79;85
89;80;14
89;81;4
89;82;53
89;83;29
89;84;9
89;85;19
89;86;41
89;87;29
89;88;39
89;90;13
89;91;49
89;92;75
89;93;52
89;94;33
89;95;50
89;96;89
89;97;30
89;98;62
89;99;86
89;100;61
90;0;24
90;1;66
90;2;56
90;3;32
90;4;19
90;5;58
90;6;61
90;7;92
90;8;61
90;9;77
90;10;56
90;11;16
90;12;94
90;13;64
90;14;50
90;15;7
90;16;90
90;17;29
90;18;80
90;19;69
90;20;58
90;21;89
90;22;45
90;23;12
90;24;82
90;25;37
90;26;70
90;27;73
90;28;61
90;29;37
90;30;7
90;31;6
90;32;86
90;33;25
90;34;24
90;35;69
90;36;81
90;37;68
90;38;56
90;39;45
90;40;18
90;41;77
90;42;72
90;43;5
90;44;96
90;45;8
90;46;19
90;47;86
90;48;59
90;49;93
90;50;65
90;51;51
90;52;66
90;53;1
90;54;45
90;55;65
90;56;10
90;57;60
90;58;39
90;59;38
90;60;54
90;61;26
90;62;56
90;63;72
90;64;48
90;65;16
90;66;33
90;67;94
90;68;47
90;69;9
90;70;39
90;71;89
90;72;51
90;73;77
90;74;98
90;75;66
90;76;12
90;77;64
90;78;56
90;79;73
90;80;14
90;81;9
90;82;24
90;83;99
90;84;70
90;85;6
90;86;82
90;87;76
90;88;58
90;89;74
90;91;71
90;92;52
90;93;20
90;94;93
90;95;17
90;96;61
90;97;48
90;98;18
90;99;49
90;100;52
91;0;85
91;1;52
91;2;29
91;3;90
91;4;41
91;5;68
91;6;22
91;7;49
91;8;18
91;9;86
91;10;80
91;11;2
91;12;54
91;13;63
91;14;16
91;15;24
91;16;95
91;17;72
91;18;85
91;19;9
91;20;0
91;21;92
91;22;38
91;23;89
91;24;40
91;25;27
91;26;41
91;27;30
91;28;14
91;29;96
91;30;97
91;31;75
91;32;91
91;33;21
91;34;38
91;35;12
91;36;95
91;37;81
91;38;27
91;39;18
91;40;97
91;41;34
91;42;93
91;43;50
91;44;29
91;45;50
91;46;16
91;47;88
91;48;28
91;49;72
91;50;8
91;51;12
91;52;65
91;53;63
91;54;2
91;55;43
91;56;42
91;57;16
91;58;74
91;59;71
91;60;61
91;61;59
91;62;43
91;63;62
91;64;5
91;65;54
91;66;25
91;67;5
91;68;46
91;69;66
91;70;16
91;71;44
91;72;86
91;73;12
91;74;12
91;75;96
91;76;45
91;77;95
91;78;82
91;79;44
91;80;98
91;81;17
91;82;20
91;83;54
91;84;4
91;85;6
91;86;82
91;87;55
91;88;61
91;89;20
91;90;37
91;92;62
91;93;99
91;94;87
91;95;0
91;96;67
91;97;15
91;98;5
91;99;15
91;100;35
92;0;82
92;1;78
92;2;17
92;3;99
92;4;10
92;5;83
92;6;48
92;7;60
92;8;92
92;9;79
92;10;51
92;11;47
92;12;96
92;13;19
92;14;45
92;15;57
92;16;22
92;17;28
92;18;14
92;19;67
92;20;36
92;21;96
92;22;7
92;23;43
92;24;17
92;25;81
92;26;76
92;27;64
92;28;16
92;29;23
92;30;66
92;31;72
92;32;5
92;33;30
92;34;84
92;35;92
92;36;74
92;37;44
92;38;95
92;39;39
92;40;86
92;41;86
92;42;64
92;43;94
92;44;6
92;45;69
92;46;24
92;47;10
92;48;29
92;49;7
92;50;81
92;51;44
92;52;46
92;53;60
92;54;16
92;55;52
92;56;97
92;57;66
92;58;7
92;59;64
92;60;2
92;61;54
92;62;20
92;63;20
92;64;66
92;65;42
92;66;56
92;67;71
92;68;13
92;69;85
92;70;99
92;71;31
92;72;28
92;73;74
92;74;87
92;75;0
92;76;96
92;77;24
92;78;80
92;79;71
92;80;95
92;81;18
92;82;95
92;83;14
92;84;56
92;85;48
92;86;9
92;87;6
92;88;21
92;89;53
92;90;76
92;91;7
92;93;87
92;94;37
92;95;93
92;96;58
92;97;96
92;98;94
92;99;80
92;100;40
93;0;61
93;1;5
93;2;34
93;3;76
93;4;13
93;5;82
93;6;23
93;7;81
93;8;49
93;9;8
93;10;64
93;11;17
93;12;54
93;13;78
93;14;42
93;15;74
93;16;27
93;17;77
93;18;63
93;19;18
93;20;6
93;21;30
93;22;3
93;23;1
93;24;33
93;25;41
93;26;20
93;27;7
93;28;2
93;29;49
93;30;95
93;31;24
93;32;94
93;33;0
93;34;91
93;35;69
93;36;75
93;37;2
93;38;63
93;39;24
93;40;14
93;41;29
93;42;16
93;43;75
93;44;9
93;45;97
93;46;99
93;47;27
93;48;97
93;49;96
93;50;32
93;51;19
93;52;33
93;53;2
93;54;46
93;55;60
93;56;43
93;57;84
93;58;29
93;59;33
93;60;57
93;61;40
93;62;16
93;63;84
93;64;41
93;65;33
93;66;61
93;67;11
93;68;55
93;69;77
93;70;98
93;71;47
93;72;12
93;73;20
93;74;68
93;75;36
93;76;23
93;77;16
93;78;5
93;79;98
93;80;33
93;81;28
93;82;69
93;83;32
93;84;99
93;85;89
93;86;49
93;87;27
93;88;29
93;89;33
93;90;12
93;91;95
93;92;64
93;94;39
93;95;68
93;96;7
93;97;29
93;98;1
93;99;90
93;100;32
94;0;4
94;1;33
94;2;59
94;3;86
94;4;83
94;5;7
94;6;53
94;7;28
94;8;74
94;9;30
94;10;49
94;11;86
94;12;11
94;13;8
94;14;18
94;15;41
94;16;20
94;17;5
94;18;28
94;19;0
94;20;67
94;21;35
94;22;38
94;23;49
94;24;10
94;25;57
94;26;40
94;27;45
94;28;3
94;29;30
94;30;65
94;31;3
94;32;15
94;33;98
94;34;94
94;35;63
94;36;58
94;37;80
94;38;88
94;39;83
94;40;28
94;41;26
94;42;61
94;43;12
94;44;32
94;45;55
94;46;97
94;47;21
94;48;15
94;49;64
94;50;86
94;51;80
94;52;19
94;53;10
94;54;36
94;55;20
94;56;35
94;57;56
94;58;12
94;59;20
94;60;26
94;61;24
94;62;38
94;63;74
94;64;22
94;65;87
94;66;76
94;67;11
94;68;6
94;69;68
94;70;56
94;71;61
94;72;71
94;73;14
94;74;41
94;75;71
94;76;12
94;77;71
94;78;52
94;79;36
94;80;21
94;81;65
94;82;94
94;83;94
94;84;77
94;85;33
94;86;6
94;87;42
94;88;40
94;89;87
94;90;81
94;91;90
94;92;44
94;93;24
94;95;95
94;96;37
94;97;9
94;98;23
94;99;79
94;100;70
95;0;43
95;1;2
95;2;10
95;3;60
95;4;51
95;5;91
95;6;97
95;7;23
95;8;80
95;9;62
95;10;62
95;11;24
95;12;42
95;13;4
95;14;76
95;15;54
95;16;46
95;17;72
95;18;96
95;19;29
95;20;65
95;21;25
95;22;3
95;23;50
95;24;58
95;25;61
95;26;90
95;27;48
95;28;2
95;29;71
95;30;23
95;31;29
95;32;57
95;33;89
95;34;97
95;35;34
95;36;49
95;37;88
95;38;0
95;39;39
95;40;15
95;41;75
95;42;35
95;43;35
95;44;78
95;45;5
95;46;26
95;47;13
95;48;88
95;49;29
95;50;70
95;51;23
95;52;9
95;53;91
95;54;39
95;55;72
95;56;52
95;57;47
95;58;77
95;59;8
95;60;67
95;61;12
95;62;85
95;63;3
95;64;39
95;65;34
95;66;88
95;67;79
95;68;87
95;69;16
95;70;92
95;71;90
95;72;13
95;73;33
95;74;27
95;75;15
95;76;64
95;77;50
95;78;49
95;79;66
95;80;91
95;81;40
95;82;53
95;83;46
95;84;39
95;85;58
95;86;16
95;87;8
95;88;79
95;89;81
95;90;59
95;91;25
95;92;38
95;93;99
95;94;59
95;96;43
95;97;67
95;98;35
95;99;16
95;100;25
96;0;93
96;1;53
96;2;91
96;3;25
96;4;38
96;5;80
96;6;14
96;7;67
96;8;36
96;9;84
96;10;87
96;11;34
96;12;83
96;13;27
96;14;73
96;15;30
96;16;4
96;17;66
96;18;66
96;19;94
96;20;92
96;21;0
96;22;55
96;23;23
96;24;0
96;25;14
96;26;71
96;27;57
96;28;49
96;29;88
96;30;97
96;31;63
96;32;23
96;33;80
96;34;14
96;35;29
96;36;73
96;37;48
96;38;91
96;39;99
96;40;88
96;41;31
96;42;98
96;43;80
96;44;16
96;45;20
96;46;18
96;47;86
96;48;66
96;49;95
96;50;73
96;51;1
96;52;6
96;53;52
96;54;67
96;55;29
96;56;25
96;57;65
96;58;93
96;59;67
96;60;81
96;61;27
96;62;98
96;63;74
96;64;56
96;65;55
96;66;30
96;67;23
96;68;86
96;69;38
96;70;26
96;71;91
96;72;0
96;73;38
96;74;27
96;75;58
96;76;96
96;77;75
96;78;96
96;79;56
96;80;5
96;81;73
96;82;97
96;83;62
96;84;3
96;85;19
96;86;82
96;87;84
96;88;3
96;89;44
96;90;5
96;91;98
96;92;59
96;93;50
96;94;11
96;95;96
96;97;76
96;98;34
96;99;10
96;100;12
97;0;91
97;1;72
97;2;91
97;3;13
97;4;21
97;5;65
97;6;51
97;7;32
97;8;16
97;9;87
97;10;23
97;11;81
97;12;52
97;13;50
97;14;28
97;15;32
97;16;98
97;17;65
97;18;57
97;19;3
97;20;36
97;21;83
97;22;40
97;23;81
97;24;52
97;25;5
97;26;71
97;27;37
97;28;13
97;29;25
97;30;97
97;31;53
97;32;47
97;33;68
97;34;55
97;35;53
97;36;70
97;37;71
97;38;62
97;39;68
97;40;33
97;41;97
97;42;81
97;43;4
97;44;42
97;45;99
97;46;33
97;47;91
97;48;6
97;49;6
97;50;73
97;51;81
97;52;38
97;53;37
97;54;54
97;55;23
97;56;67
97;57;37
97;58;97
97;59;23
97;60;57
97;61;94
97;62;31
97;63;23
97;64;58
97;65;18
97;66;95
97;67;8
97;68;48
97;69;52
97;70;38
97;71;84
97;72;77
97;73;20
97;74;7
97;75;8
97;76;79
97;77;67
97;78;88
97;79;83
97;80;36
97;81;44
97;82;10
97;83;59
97;84;72
97;85;76
97;86;48
97;87;75
97;88;23
97;89;18
97;90;27
97;91;52
97;92;88
97;93;48
97;94;32
97;95;16
97;96;70
97;98;47
97;99;75
97;100;89
98;0;35
98;1;3
98;2;91
98;3;39
98;4;86
98;5;25
98;6;76
98;7;80
98;8;64
98;9;67
98;10;87
98;11;62
98;12;23
98;13;64
98;14;35
98;15;80
98;16;15
98;17;81
98;18;52
98;19;23
98;20;32
98;21;86
98;22;39
98;23;44
98;24;4
98;25;24
98;26;58
98;27;28
98;28;69
98;29;60
98;30;90
98;31;46
98;32;42
98;33;96
98;34;77
98;35;1
98;36;26
98;37;6
98;38;6
98;39;93
98;40;61
98;41;24
98;42;61
98;43;18
98;44;35
98;45;9
98;46;73
98;47;13
98;48;2
98;49;29
98;50;44
98;51;55
98;52;87
98;53;67
98;54;3
98;55;35
98;56;6
98;57;21
98;58;3
98;59;62
98;60;20
98;61;47
98;62;85
98;63;57
98;64;44
98;65;97
98;66;16
98;67;61
98;68;49
98;69;87
98;70;55
98;71;35
98;72;20
98;73;49
98;74;25
98;75;5
98;76;63
98;77;38
98;78;12
98;79;43
98;80;42
98;81;75
98;82;85
98;83;35
98;84;58
98;85;63
98;86;99
98;87;21
98;88;1
98;89;52
98;90;33
98;91;22
98;92;94
98;93;53
98;94;7
98;95;77
98;96;28
98;97;77
98;99;74
98;100;11
99;0;94
99;1;95
99;2;99
99;3;46
99;4;58
99;5;3
99;6;73
99;7;76
99;8;35
99;9;60
99;10;25
99;11;5
99;12;82
99;13;12
99;14;12
99;15;48
99;16;40
99;17;32
99;18;90
99;19;73
99;20;16
99;21;60
99;22;22
99;23;1
99;24;31
99;25;22
99;26;70
99;27;25
99;28;59
99;29;81
99;30;66
99;31;27
99;32;61
99;33;2
99;34;86
99;35;1
99;36;76
99;37;3
99;38;31
99;39;24
99;40;76
99;41;77
99;42;59
99;43;2
99;44;93
99;45;15
99;46;14
99;47;93
99;48;40
99;49;65
99;50;2
99;51;6
99;52;54
99;53;57
99;54;0
99;55;95
99;56;10
99;57;35
99;58;91
99;59;15
99;60;87
99;61;1
99;62;5
99;63;48
99;64;82
99;65;41
99;66;35
99;67;21
99;68;36
99;69;92
99;70;19
99;71;51
99;72;98
99;73;4
99;74;36
99;75;46
99;76;43
99;77;20
99;78;13
99;79;16
99;80;5
99;81;84
99;82;76
99;83;46
99;84;98
99;85;9
99;86;49
99;87;61
99;88;12
99;89;68
99;90;97
99;91;56
99;92;93
99;93;38
99;94;63
99;95;22
99;96;66
99;97;16
99;98;52
99;100;35
100;0;28
100;1;81
100;2;85
100;3;26
100;4;7
100;5;90
100;6;52
100;7;11
100;8;86
100;9;81
100;10;58
100;11;46
100;12;75
100;13;38
100;14;25
100;15;55
100;16;34
100;17;92
100;18;37
100;19;96
100;20;99
100;21;76
100;22;99
100;23;94
100;24;39
100;25;67
100;26;38
100;27;73
100;28;10
100;29;5
100;30;86
100;31;8
100;32;81
100;33;98
100;34;92
100;35;86
100;36;5
100;37;24
100;38;74
100;39;11
100;40;7
100;41;95
100;42;16
100;43;49
100;44;65
100;45;66
100;46;4
100;47;88
100;48;35
100;49;92
100;50;80
100;51;20
100;52;38
100;53;33
100;54;18
100;55;77
100;56;76
100;57;58
100;58;57
100;59;68
100;60;37
100;61;59
100;62;39
100;63;62
100;64;60
100;65;1
100;66;20
100;67;58
100;68;41
100;69;9
100;70;22
100;71;98
100;72;77
100;73;11
100;74;66
100;75;49
100;76;59
100;77;95
100;78;86
100;79;48
100;80;94
100;81;58
100;82;38
100;83;52
100;84;34
100;85;27
100;86;53
100;87;56
100;88;46
100;89;9
100;90;76
100;91;81
100;92;8
100;93;91
100;94;80
100;95;32
100;96;32
100;97;85
100;98;66
100;99;2

